0 LightPipe.dat
0 FILE LightPipe.dat
0 Name: lightpipe.dat
0 Author: Fx Bricks
3 16 23.7624 -51 30.9274 23.875 -49 30 23.7624 -49 30.9274 
3 16 23.7624 -51 30.9274 23.875 -51 30 23.875 -49 30 
3 16 23.4311 -51 31.8008 23.7624 -49 30.9274 23.4311 -49 31.8008 
3 16 23.4311 -51 31.8008 23.7624 -51 30.9274 23.7624 -49 30.9274 
3 16 22.9005 -51 32.5696 23.4311 -49 31.8008 22.9005 -49 32.5696 
3 16 22.9005 -51 32.5696 23.4311 -51 31.8008 23.4311 -49 31.8008 
3 16 22.2012 -51 33.1891 22.9005 -49 32.5696 22.2012 -49 33.1891 
3 16 22.2012 -51 33.1891 22.9005 -51 32.5696 22.9005 -49 32.5696 
3 16 21.3741 -51 33.6232 22.2012 -49 33.1891 21.3741 -49 33.6232 
3 16 21.3741 -51 33.6232 22.2012 -51 33.1891 22.2012 -49 33.1891 
3 16 20.4671 -51 33.8468 21.3741 -49 33.6232 20.4671 -49 33.8468 
3 16 20.4671 -51 33.8468 21.3741 -51 33.6232 21.3741 -49 33.6232 
3 16 19.5329 -51 33.8468 20.4671 -49 33.8468 19.5329 -49 33.8468 
3 16 19.5329 -51 33.8468 20.4671 -51 33.8468 20.4671 -49 33.8468 
3 16 18.6259 -51 33.6232 19.5329 -49 33.8468 18.6259 -49 33.6232 
3 16 18.6259 -51 33.6232 19.5329 -51 33.8468 19.5329 -49 33.8468 
3 16 17.7988 -51 33.1891 18.6259 -49 33.6232 17.7988 -49 33.1891 
3 16 17.7988 -51 33.1891 18.6259 -51 33.6232 18.6259 -49 33.6232 
3 16 17.0995 -51 32.5696 17.7988 -49 33.1891 17.0995 -49 32.5696 
3 16 17.0995 -51 32.5696 17.0995 -49 32.5696 16.5689 -49 31.8008 
3 16 17.0995 -51 32.5696 17.7988 -51 33.1891 17.7988 -49 33.1891 
3 16 16.5689 -51 31.8008 17.0995 -51 32.5696 16.5689 -49 31.8008 
3 16 16.2376 -51 30.9274 16.5689 -51 31.8008 16.5689 -49 31.8008 
3 16 16.2376 -51 30.9274 16.5689 -49 31.8008 16.2376 -49 30.9274 
3 16 16.125 -51 30 16.2376 -51 30.9274 16.2376 -49 30.9274 
3 16 16.125 -51 30 16.2376 -49 30.9274 16.125 -49 30 
3 16 16.2376 -51 29.0726 16.125 -49 30 16.2376 -49 29.0726 
3 16 16.2376 -51 29.0726 16.125 -51 30 16.125 -49 30 
3 16 16.5689 -51 28.1992 16.2376 -51 29.0726 16.2376 -49 29.0726 
3 16 16.5689 -51 28.1992 16.2376 -49 29.0726 16.5689 -49 28.1992 
3 16 17.0995 -51 27.4304 16.5689 -49 28.1992 17.0995 -49 27.4304 
3 16 17.0995 -51 27.4304 17.0995 -49 27.4304 17.7988 -49 26.8109 
3 16 17.0995 -51 27.4304 16.5689 -51 28.1992 16.5689 -49 28.1992 
3 16 17.7988 -51 26.8109 17.0995 -51 27.4304 17.7988 -49 26.8109 
3 16 18.6259 -51 26.3768 17.7988 -49 26.8109 18.6259 -49 26.3768 
3 16 18.6259 -51 26.3768 17.7988 -51 26.8109 17.7988 -49 26.8109 
3 16 19.5329 -51 26.1532 18.6259 -49 26.3768 19.5329 -49 26.1532 
3 16 19.5329 -51 26.1532 18.6259 -51 26.3768 18.6259 -49 26.3768 
3 16 20.4671 -51 26.1532 19.5329 -49 26.1532 20.4671 -49 26.1532 
3 16 20.4671 -51 26.1532 19.5329 -51 26.1532 19.5329 -49 26.1532 
3 16 21.3741 -51 26.3768 20.4671 -49 26.1532 21.3741 -49 26.3768 
3 16 21.3741 -51 26.3768 20.4671 -51 26.1532 20.4671 -49 26.1532 
3 16 22.2012 -51 26.8109 21.3741 -49 26.3768 22.2012 -49 26.8109 
3 16 22.2012 -51 26.8109 21.3741 -51 26.3768 21.3741 -49 26.3768 
3 16 22.9005 -51 27.4304 22.2012 -49 26.8109 22.9005 -49 27.4304 
3 16 22.9005 -51 27.4304 22.2012 -51 26.8109 22.2012 -49 26.8109 
3 16 23.4311 -51 28.1992 22.9005 -49 27.4304 23.4311 -49 28.1992 
3 16 23.4311 -51 28.1992 22.9005 -51 27.4304 22.9005 -49 27.4304 
3 16 23.7624 -51 29.0726 23.4311 -49 28.1992 23.7624 -49 29.0726 
3 16 23.7624 -51 29.0726 23.7624 -49 29.0726 23.875 -49 30 
3 16 23.7624 -51 29.0726 23.4311 -51 28.1992 23.4311 -49 28.1992 
3 16 23.875 -51 30 23.7624 -51 29.0726 23.875 -49 30 
3 16 18.0118 -49 27.1196 17.0995 -49 27.4304 17.7988 -49 26.8109 
3 16 18.0118 -49 27.1196 17.3802 -49 27.6791 17.0995 -49 27.4304 
3 16 16.9009 -49 28.3735 16.5689 -49 28.1992 17.0995 -49 27.4304 
3 16 16.9009 -49 28.3735 17.0995 -49 27.4304 17.3802 -49 27.6791 
3 16 18.7589 -49 26.7274 17.7988 -49 26.8109 18.6259 -49 26.3768 
3 16 18.7589 -49 26.7274 18.0118 -49 27.1196 17.7988 -49 26.8109 
3 16 16.6017 -49 29.1624 16.2376 -49 29.0726 16.5689 -49 28.1992 
3 16 16.6017 -49 29.1624 16.5689 -49 28.1992 16.9009 -49 28.3735 
3 16 19.5781 -49 26.5255 18.6259 -49 26.3768 19.5329 -49 26.1532 
3 16 19.5781 -49 26.5255 18.7589 -49 26.7274 18.6259 -49 26.3768 
3 16 16.5 -49 30 16.125 -49 30 16.2376 -49 29.0726 
3 16 16.5 -49 30 16.2376 -49 29.0726 16.6017 -49 29.1624 
3 16 20.4219 -49 26.5255 19.5329 -49 26.1532 20.4671 -49 26.1532 
3 16 20.4219 -49 26.5255 19.5781 -49 26.5255 19.5329 -49 26.1532 
3 16 16.6017 -49 30.8376 16.2376 -49 30.9274 16.125 -49 30 
3 16 16.6017 -49 30.8376 16.125 -49 30 16.5 -49 30 
3 16 21.3741 -49 26.3768 20.4219 -49 26.5255 20.4671 -49 26.1532 
3 16 21.2411 -49 26.7274 20.4219 -49 26.5255 21.3741 -49 26.3768 
3 16 16.9009 -49 31.6265 16.5689 -49 31.8008 16.2376 -49 30.9274 
3 16 16.9009 -49 31.6265 16.2376 -49 30.9274 16.6017 -49 30.8376 
3 16 21.9882 -49 27.1196 21.3741 -49 26.3768 22.2012 -49 26.8109 
3 16 21.9882 -49 27.1196 21.2411 -49 26.7274 21.3741 -49 26.3768 
3 16 17.3802 -49 32.3209 17.0995 -49 32.5696 16.5689 -49 31.8008 
3 16 17.3802 -49 32.3209 16.5689 -49 31.8008 16.9009 -49 31.6265 
3 16 22.9005 -49 27.4304 22.6198 -49 27.6791 21.9882 -49 27.1196 
3 16 22.9005 -49 27.4304 21.9882 -49 27.1196 22.2012 -49 26.8109 
3 16 17.7988 -49 33.1891 17.0995 -49 32.5696 17.3802 -49 32.3209 
3 16 17.7988 -49 33.1891 17.3802 -49 32.3209 18.0118 -49 32.8804 
3 16 23.0991 -49 28.3735 22.6198 -49 27.6791 22.9005 -49 27.4304 
3 16 23.4311 -49 28.1992 23.0991 -49 28.3735 22.9005 -49 27.4304 
3 16 18.6259 -49 33.6232 17.7988 -49 33.1891 18.0118 -49 32.8804 
3 16 18.6259 -49 33.6232 18.0118 -49 32.8804 18.7589 -49 33.2726 
3 16 23.7624 -49 29.0726 23.0991 -49 28.3735 23.4311 -49 28.1992 
3 16 23.7624 -49 29.0726 23.3983 -49 29.1624 23.0991 -49 28.3735 
3 16 19.5329 -49 33.8468 18.6259 -49 33.6232 18.7589 -49 33.2726 
3 16 19.5329 -49 33.8468 18.7589 -49 33.2726 19.5781 -49 33.4745 
3 16 23.5 -49 30 23.3983 -49 29.1624 23.7624 -49 29.0726 
3 16 23.875 -49 30 23.5 -49 30 23.7624 -49 29.0726 
3 16 20.4219 -49 33.4745 19.5329 -49 33.8468 19.5781 -49 33.4745 
3 16 20.4671 -49 33.8468 19.5329 -49 33.8468 20.4219 -49 33.4745 
3 16 23.7624 -49 30.9274 23.3983 -49 30.8376 23.5 -49 30 
3 16 23.7624 -49 30.9274 23.5 -49 30 23.875 -49 30 
3 16 23.0991 -49 31.6265 23.3983 -49 30.8376 23.7624 -49 30.9274 
3 16 21.3741 -49 33.6232 20.4219 -49 33.4745 21.2411 -49 33.2726 
3 16 21.3741 -49 33.6232 20.4671 -49 33.8468 20.4219 -49 33.4745 
3 16 23.4311 -49 31.8008 23.0991 -49 31.6265 23.7624 -49 30.9274 
3 16 22.2012 -49 33.1891 21.2411 -49 33.2726 21.9882 -49 32.8804 
3 16 22.2012 -49 33.1891 21.3741 -49 33.6232 21.2411 -49 33.2726 
3 16 22.9005 -49 32.5696 22.6198 -49 32.3209 23.0991 -49 31.6265 
3 16 22.9005 -49 32.5696 21.9882 -49 32.8804 22.6198 -49 32.3209 
3 16 22.9005 -49 32.5696 22.2012 -49 33.1891 21.9882 -49 32.8804 
3 16 22.9005 -49 32.5696 23.0991 -49 31.6265 23.4311 -49 31.8008 
3 16 20.4671 -51 26.1532 17.0995 -51 27.4304 17.7988 -51 26.8109 
3 16 20.4671 -51 26.1532 17.7988 -51 26.8109 18.6259 -51 26.3768 
3 16 20.4671 -51 26.1532 18.6259 -51 26.3768 19.5329 -51 26.1532 
3 16 17.0995 -51 32.5696 16.5689 -51 31.8008 16.2376 -51 30.9274 
3 16 17.7988 -51 33.1891 16.2376 -51 30.9274 16.125 -51 30 
3 16 17.7988 -51 33.1891 17.0995 -51 32.5696 16.2376 -51 30.9274 
3 16 23.4311 -51 28.1992 21.3741 -51 26.3768 22.2012 -51 26.8109 
3 16 23.4311 -51 28.1992 22.2012 -51 26.8109 22.9005 -51 27.4304 
3 16 23.7624 -51 29.0726 20.4671 -51 26.1532 21.3741 -51 26.3768 
3 16 23.7624 -51 29.0726 17.0995 -51 27.4304 20.4671 -51 26.1532 
3 16 23.7624 -51 29.0726 21.3741 -51 26.3768 23.4311 -51 28.1992 
3 16 23.875 -51 30 17.0995 -51 27.4304 23.7624 -51 29.0726 
3 16 21.3741 -51 33.6232 20.4671 -51 33.8468 19.5329 -51 33.8468 
3 16 21.3741 -51 33.6232 19.5329 -51 33.8468 18.6259 -51 33.6232 
3 16 21.3741 -51 33.6232 18.6259 -51 33.6232 17.7988 -51 33.1891 
3 16 22.9005 -51 32.5696 23.875 -51 30 23.7624 -51 30.9274 
3 16 22.9005 -51 32.5696 23.7624 -51 30.9274 23.4311 -51 31.8008 
3 16 22.9005 -51 32.5696 22.2012 -51 33.1891 21.3741 -51 33.6232 
3 16 22.9005 -51 32.5696 16.125 -51 30 16.2376 -51 29.0726 
3 16 22.9005 -51 32.5696 16.2376 -51 29.0726 16.5689 -51 28.1992 
3 16 22.9005 -51 32.5696 16.5689 -51 28.1992 17.0995 -51 27.4304 
3 16 22.9005 -51 32.5696 17.7988 -51 33.1891 16.125 -51 30 
3 16 22.9005 -51 32.5696 17.0995 -51 27.4304 23.875 -51 30 
3 16 22.9005 -51 32.5696 21.3741 -51 33.6232 17.7988 -51 33.1891 
3 16 23.3983 -49 30.8376 23.5 -49 30 23.5 -37 30 
3 16 23.3983 -49 30.8376 23.5 -37 30 23.3983 -37 30.8376 
3 16 23.0991 -49 31.6265 23.3983 -37 30.8376 23.0991 -37 31.6265 
3 16 23.0991 -49 31.6265 23.3983 -49 30.8376 23.3983 -37 30.8376 
3 16 22.6198 -49 32.3209 23.0991 -37 31.6265 22.6198 -37 32.3209 
3 16 22.6198 -49 32.3209 23.0991 -49 31.6265 23.0991 -37 31.6265 
3 16 21.9882 -49 32.8804 22.6198 -37 32.3209 21.9882 -37 32.8804 
3 16 21.9882 -49 32.8804 22.6198 -49 32.3209 22.6198 -37 32.3209 
3 16 21.2411 -49 33.2726 21.9882 -37 32.8804 21.2411 -37 33.2726 
3 16 21.2411 -49 33.2726 21.9882 -49 32.8804 21.9882 -37 32.8804 
3 16 20.4219 -49 33.4745 21.2411 -37 33.2726 20.4219 -37 33.4745 
3 16 20.4219 -49 33.4745 20.4219 -37 33.4745 19.5781 -37 33.4745 
3 16 20.4219 -49 33.4745 21.2411 -49 33.2726 21.2411 -37 33.2726 
3 16 19.5781 -49 33.4745 20.4219 -49 33.4745 19.5781 -37 33.4745 
3 16 18.7589 -49 33.2726 19.5781 -37 33.4745 18.7589 -37 33.2726 
3 16 18.7589 -49 33.2726 19.5781 -49 33.4745 19.5781 -37 33.4745 
3 16 18.0118 -49 32.8804 18.7589 -37 33.2726 18.0118 -37 32.8804 
3 16 18.0118 -49 32.8804 18.0118 -37 32.8804 17.3802 -37 32.3209 
3 16 18.0118 -49 32.8804 18.7589 -49 33.2726 18.7589 -37 33.2726 
3 16 17.3802 -49 32.3209 17.3802 -37 32.3209 16.9009 -37 31.6265 
3 16 17.3802 -49 32.3209 18.0118 -49 32.8804 17.3802 -37 32.3209 
3 16 16.9009 -49 31.6265 17.3802 -49 32.3209 16.9009 -37 31.6265 
3 16 16.9009 -49 31.6265 16.9009 -37 31.6265 16.6017 -37 30.8376 
3 16 16.6017 -49 30.8376 16.9009 -49 31.6265 16.6017 -37 30.8376 
3 16 16.5 -49 30 16.6017 -49 30.8376 16.6017 -37 30.8376 
3 16 16.5 -49 30 16.6017 -37 30.8376 16.5 -37 30 
3 16 16.5 -49 30 16.5 -37 30 16.6017 -37 29.1624 
3 16 16.6017 -49 29.1624 16.5 -49 30 16.6017 -37 29.1624 
3 16 16.9009 -49 28.3735 16.6017 -37 29.1624 16.9009 -37 28.3735 
3 16 16.9009 -49 28.3735 16.6017 -49 29.1624 16.6017 -37 29.1624 
3 16 17.3802 -49 27.6791 16.9009 -37 28.3735 17.3802 -37 27.6791 
3 16 17.3802 -49 27.6791 16.9009 -49 28.3735 16.9009 -37 28.3735 
3 16 18.0118 -49 27.1196 17.3802 -37 27.6791 18.0118 -37 27.1196 
3 16 18.0118 -49 27.1196 17.3802 -49 27.6791 17.3802 -37 27.6791 
3 16 18.7589 -49 26.7274 18.0118 -37 27.1196 18.7589 -37 26.7274 
3 16 18.7589 -49 26.7274 18.7589 -37 26.7274 19.5781 -37 26.5255 
3 16 18.7589 -49 26.7274 18.0118 -49 27.1196 18.0118 -37 27.1196 
3 16 19.5781 -49 26.5255 19.5781 -37 26.5255 20.4219 -37 26.5255 
3 16 19.5781 -49 26.5255 18.7589 -49 26.7274 19.5781 -37 26.5255 
3 16 20.4219 -49 26.5255 19.5781 -49 26.5255 20.4219 -37 26.5255 
3 16 21.2411 -49 26.7274 20.4219 -37 26.5255 21.2411 -37 26.7274 
3 16 21.2411 -49 26.7274 20.4219 -49 26.5255 20.4219 -37 26.5255 
3 16 21.9882 -49 27.1196 21.2411 -37 26.7274 21.9882 -37 27.1196 
3 16 21.9882 -49 27.1196 21.2411 -49 26.7274 21.2411 -37 26.7274 
3 16 22.6198 -49 27.6791 21.9882 -37 27.1196 22.6198 -37 27.6791 
3 16 22.6198 -49 27.6791 22.6198 -37 27.6791 23.0991 -37 28.3735 
3 16 22.6198 -49 27.6791 21.9882 -49 27.1196 21.9882 -37 27.1196 
3 16 23.0991 -49 28.3735 23.0991 -37 28.3735 23.3983 -37 29.1624 
3 16 23.0991 -49 28.3735 22.6198 -49 27.6791 23.0991 -37 28.3735 
3 16 23.3983 -49 29.1624 23.0991 -49 28.3735 23.3983 -37 29.1624 
3 16 23.5 -49 30 23.3983 -37 29.1624 23.5 -37 30 
3 16 23.5 -49 30 23.3983 -49 29.1624 23.3983 -37 29.1624 
3 16 20.4219 -37 26.5255 18.7589 -37 26.7274 19.5781 -37 26.5255 
3 16 16.9009 -37 31.6265 16.6017 -37 30.8376 16.5 -37 30 
3 16 22.6198 -37 27.6791 21.2411 -37 26.7274 21.9882 -37 27.1196 
3 16 18.0118 -37 32.8804 17.3802 -37 32.3209 16.9009 -37 31.6265 
3 16 23.0991 -37 28.3735 21.2411 -37 26.7274 22.6198 -37 27.6791 
3 16 23.3983 -37 30.8376 23.0991 -37 28.3735 23.3983 -37 29.1624 
3 16 23.3983 -37 30.8376 23.3983 -37 29.1624 23.5 -37 30 
3 16 21.2411 -37 33.2726 20.4219 -37 33.4745 19.5781 -37 33.4745 
3 16 21.2411 -37 33.2726 19.5781 -37 33.4745 18.7589 -37 33.2726 
3 16 21.2411 -37 33.2726 18.7589 -37 33.2726 18.0118 -37 32.8804 
3 16 21.2411 -37 33.2726 18.0118 -37 32.8804 16.9009 -37 31.6265 
3 16 22.6198 -37 32.3209 23.3983 -37 30.8376 23.0991 -37 31.6265 
3 16 22.6198 -37 32.3209 21.9882 -37 32.8804 21.2411 -37 33.2726 
3 16 22.6198 -37 32.3209 16.5 -37 30 16.6017 -37 29.1624 
3 16 22.6198 -37 32.3209 16.6017 -37 29.1624 16.9009 -37 28.3735 
3 16 22.6198 -37 32.3209 16.9009 -37 28.3735 17.3802 -37 27.6791 
3 16 22.6198 -37 32.3209 17.3802 -37 27.6791 18.0118 -37 27.1196 
3 16 22.6198 -37 32.3209 18.0118 -37 27.1196 18.7589 -37 26.7274 
3 16 22.6198 -37 32.3209 20.4219 -37 26.5255 21.2411 -37 26.7274 
3 16 22.6198 -37 32.3209 18.7589 -37 26.7274 20.4219 -37 26.5255 
3 16 22.6198 -37 32.3209 21.2411 -37 26.7274 23.0991 -37 28.3735 
3 16 22.6198 -37 32.3209 16.9009 -37 31.6265 16.5 -37 30 
3 16 22.6198 -37 32.3209 23.0991 -37 28.3735 23.3983 -37 30.8376 
3 16 22.6198 -37 32.3209 21.2411 -37 33.2726 16.9009 -37 31.6265 
2 24 23.875 -49 30 23.743 -49 31.0029 
2 24 23.743 -49 31.0029 23.3558 -49 31.9375 
2 24 23.3558 -49 31.9375 22.74 -49 32.74 
2 24 22.74 -49 32.74 21.9375 -49 33.3558 
2 24 21.9375 -49 33.3558 21.0029 -49 33.743 
2 24 21.0029 -49 33.743 20 -49 33.875 
2 24 20 -49 33.875 18.9971 -49 33.743 
2 24 18.9971 -49 33.743 18.0625 -49 33.3558 
2 24 18.0625 -49 33.3558 17.26 -49 32.74 
2 24 17.26 -49 32.74 16.6442 -49 31.9375 
2 24 16.6442 -49 31.9375 16.257 -49 31.0029 
2 24 16.257 -49 31.0029 16.125 -49 30 
2 24 16.125 -49 30 16.257 -49 28.9971 
2 24 16.257 -49 28.9971 16.6442 -49 28.0625 
2 24 16.6442 -49 28.0625 17.26 -49 27.26 
2 24 17.26 -49 27.26 18.0625 -49 26.6442 
2 24 18.0625 -49 26.6442 18.9971 -49 26.257 
2 24 18.9971 -49 26.257 20 -49 26.125 
2 24 20 -49 26.125 21.0029 -49 26.257 
2 24 21.0029 -49 26.257 21.9375 -49 26.6442 
2 24 21.9375 -49 26.6442 22.74 -49 27.26 
2 24 22.74 -49 27.26 23.3558 -49 28.0625 
2 24 23.3558 -49 28.0625 23.743 -49 28.9971 
2 24 23.743 -49 28.9971 23.875 -49 30 
2 24 23.875 -49 30 23.875 -49.1667 30 
2 24 23.875 -49.1667 30 23.875 -49.3333 30 
2 24 23.875 -49.3333 30 23.875 -49.5 30 
2 24 23.875 -49.5 30 23.875 -49.6667 30 
2 24 23.875 -49.6667 30 23.875 -49.8333 30 
2 24 23.875 -49.8333 30 23.875 -50 30 
2 24 23.875 -50 30 23.875 -50.1667 30 
2 24 23.875 -50.1667 30 23.875 -50.3333 30 
2 24 23.875 -50.3333 30 23.875 -50.5 30 
2 24 23.875 -50.5 30 23.875 -50.6667 30 
2 24 23.875 -50.6667 30 23.875 -50.8333 30 
2 24 23.875 -50.8333 30 23.875 -51 30 
2 24 23.875 -51 30 23.743 -51 31.0029 
2 24 23.743 -51 31.0029 23.3558 -51 31.9375 
2 24 23.3558 -51 31.9375 22.74 -51 32.74 
2 24 22.74 -51 32.74 21.9375 -51 33.3558 
2 24 21.9375 -51 33.3558 21.0029 -51 33.743 
2 24 21.0029 -51 33.743 20 -51 33.875 
2 24 20 -51 33.875 18.9971 -51 33.743 
2 24 18.9971 -51 33.743 18.0625 -51 33.3558 
2 24 18.0625 -51 33.3558 17.26 -51 32.74 
2 24 17.26 -51 32.74 16.6442 -51 31.9375 
2 24 16.6442 -51 31.9375 16.257 -51 31.0029 
2 24 16.257 -51 31.0029 16.125 -51 30 
2 24 16.125 -51 30 16.257 -51 28.9971 
2 24 16.257 -51 28.9971 16.6442 -51 28.0625 
2 24 16.6442 -51 28.0625 17.26 -51 27.26 
2 24 17.26 -51 27.26 18.0625 -51 26.6442 
2 24 18.0625 -51 26.6442 18.9971 -51 26.257 
2 24 18.9971 -51 26.257 20 -51 26.125 
2 24 20 -51 26.125 21.0029 -51 26.257 
2 24 21.0029 -51 26.257 21.9375 -51 26.6442 
2 24 21.9375 -51 26.6442 22.74 -51 27.26 
2 24 22.74 -51 27.26 23.3558 -51 28.0625 
2 24 23.3558 -51 28.0625 23.743 -51 28.9971 
2 24 23.743 -51 28.9971 23.875 -51 30 
2 24 23.5 -49 30 23.3807 -49 30.9059 
2 24 23.3807 -49 30.9059 23.0311 -49 31.75 
2 24 23.0311 -49 31.75 22.4749 -49 32.4749 
2 24 22.4749 -49 32.4749 21.75 -49 33.0311 
2 24 21.75 -49 33.0311 20.9059 -49 33.3807 
2 24 20.9059 -49 33.3807 20 -49 33.5 
2 24 20 -49 33.5 19.0941 -49 33.3807 
2 24 19.0941 -49 33.3807 18.25 -49 33.0311 
2 24 18.25 -49 33.0311 17.5251 -49 32.4749 
2 24 17.5251 -49 32.4749 16.9689 -49 31.75 
2 24 16.9689 -49 31.75 16.6193 -49 30.9059 
2 24 16.6193 -49 30.9059 16.5 -49 30 
2 24 16.5 -49 30 16.6193 -49 29.0941 
2 24 16.6193 -49 29.0941 16.9689 -49 28.25 
2 24 16.9689 -49 28.25 17.5251 -49 27.5251 
2 24 17.5251 -49 27.5251 18.25 -49 26.9689 
2 24 18.25 -49 26.9689 19.0941 -49 26.6193 
2 24 19.0941 -49 26.6193 20 -49 26.5 
2 24 20 -49 26.5 20.9059 -49 26.6193 
2 24 20.9059 -49 26.6193 21.75 -49 26.9689 
2 24 21.75 -49 26.9689 22.4749 -49 27.5251 
2 24 22.4749 -49 27.5251 23.0311 -49 28.25 
2 24 23.0311 -49 28.25 23.3807 -49 29.0941 
2 24 23.3807 -49 29.0941 23.5 -49 30 
2 24 23.5 -37 30 23.5 -38 30 
2 24 23.5 -38 30 23.5 -39 30 
2 24 23.5 -39 30 23.5 -40 30 
2 24 23.5 -40 30 23.5 -41 30 
2 24 23.5 -41 30 23.5 -42 30 
2 24 23.5 -42 30 23.5 -43 30 
2 24 23.5 -43 30 23.5 -44 30 
2 24 23.5 -44 30 23.5 -45 30 
2 24 23.5 -45 30 23.5 -46 30 
2 24 23.5 -46 30 23.5 -47 30 
2 24 23.5 -47 30 23.5 -48 30 
2 24 23.5 -48 30 23.5 -49 30 
2 24 23.5 -37 30 23.3807 -37 30.9059 
2 24 23.3807 -37 30.9059 23.0311 -37 31.75 
2 24 23.0311 -37 31.75 22.4749 -37 32.4749 
2 24 22.4749 -37 32.4749 21.75 -37 33.0311 
2 24 21.75 -37 33.0311 20.9059 -37 33.3807 
2 24 20.9059 -37 33.3807 20 -37 33.5 
2 24 20 -37 33.5 19.0941 -37 33.3807 
2 24 19.0941 -37 33.3807 18.25 -37 33.0311 
2 24 18.25 -37 33.0311 17.5251 -37 32.4749 
2 24 17.5251 -37 32.4749 16.9689 -37 31.75 
2 24 16.9689 -37 31.75 16.6193 -37 30.9059 
2 24 16.6193 -37 30.9059 16.5 -37 30 
2 24 16.5 -37 30 16.6193 -37 29.0941 
2 24 16.6193 -37 29.0941 16.9689 -37 28.25 
2 24 16.9689 -37 28.25 17.5251 -37 27.5251 
2 24 17.5251 -37 27.5251 18.25 -37 26.9689 
2 24 18.25 -37 26.9689 19.0941 -37 26.6193 
2 24 19.0941 -37 26.6193 20 -37 26.5 
2 24 20 -37 26.5 20.9059 -37 26.6193 
2 24 20.9059 -37 26.6193 21.75 -37 26.9689 
2 24 21.75 -37 26.9689 22.4749 -37 27.5251 
2 24 22.4749 -37 27.5251 23.0311 -37 28.25 
2 24 23.0311 -37 28.25 23.3807 -37 29.0941 
2 24 23.3807 -37 29.0941 23.5 -37 30 
0 NOFILE
