0 PFPins.dat
0 FILE PFPins.dat
0 Name: pfpins.dat
0 Author: Fx Bricks
0 !LDRAW_ORG Unofficial_Subpart
0 !LICENSE Redistributable under CCAL version 2.0 : see CAreadme.txt
0 BFC CERTIFY CCW
3 16 -33.5625 -52.5 13.0625 -35.4375 -27.5 13.0625 -33.5625 -27.5 13.0625 
3 16 -33.5625 -52.5 13.0625 -35.4375 -52.5 13.0625 -35.4375 -27.5 13.0625 
3 16 -33.5625 -52.5 14.9375 -33.5625 -27.5 13.0625 -33.5625 -27.5 14.9375 
3 16 -33.5625 -52.5 14.9375 -33.5625 -52.5 13.0625 -33.5625 -27.5 13.0625 
3 16 -35.4375 -52.5 14.9375 -33.5625 -27.5 14.9375 -35.4375 -27.5 14.9375 
3 16 -35.4375 -52.5 14.9375 -33.5625 -52.5 14.9375 -33.5625 -27.5 14.9375 
3 16 -35.4375 -52.5 13.0625 -35.4375 -27.5 14.9375 -35.4375 -27.5 13.0625 
3 16 -35.4375 -52.5 13.0625 -35.4375 -52.5 14.9375 -35.4375 -27.5 14.9375 
3 16 -33.5625 -27.5 13.0625 -35.4375 -27.5 13.0625 -35.4375 -27.5 14.9375 
3 16 -33.5625 -27.5 13.0625 -35.4375 -27.5 14.9375 -33.5625 -27.5 14.9375 
3 16 -33.5625 -52.5 13.0625 -35.4375 -52.5 13.0625 -35.4375 -52.5 14.9375 
3 16 -33.5625 -52.5 13.0625 -35.4375 -52.5 14.9375 -33.5625 -52.5 14.9375 
3 16 -33.5625 -52.5 21.0625 -35.4375 -27.5 21.0625 -33.5625 -27.5 21.0625 
3 16 -33.5625 -52.5 21.0625 -35.4375 -52.5 21.0625 -35.4375 -27.5 21.0625 
3 16 -33.5625 -52.5 22.9375 -33.5625 -27.5 21.0625 -33.5625 -27.5 22.9375 
3 16 -33.5625 -52.5 22.9375 -33.5625 -52.5 21.0625 -33.5625 -27.5 21.0625 
3 16 -35.4375 -52.5 22.9375 -33.5625 -27.5 22.9375 -35.4375 -27.5 22.9375 
3 16 -35.4375 -52.5 22.9375 -33.5625 -52.5 22.9375 -33.5625 -27.5 22.9375 
3 16 -35.4375 -52.5 21.0625 -35.4375 -27.5 22.9375 -35.4375 -27.5 21.0625 
3 16 -35.4375 -52.5 21.0625 -35.4375 -52.5 22.9375 -35.4375 -27.5 22.9375 
3 16 -33.5625 -27.5 21.0625 -35.4375 -27.5 21.0625 -35.4375 -27.5 22.9375 
3 16 -33.5625 -27.5 21.0625 -35.4375 -27.5 22.9375 -33.5625 -27.5 22.9375 
3 16 -33.5625 -52.5 21.0625 -35.4375 -52.5 21.0625 -35.4375 -52.5 22.9375 
3 16 -33.5625 -52.5 21.0625 -35.4375 -52.5 22.9375 -33.5625 -52.5 22.9375 
3 16 -41.5625 -52.5 17.0625 -43.4375 -27.5 17.0625 -41.5625 -27.5 17.0625 
3 16 -41.5625 -52.5 17.0625 -43.4375 -52.5 17.0625 -43.4375 -27.5 17.0625 
3 16 -41.5625 -52.5 18.9375 -41.5625 -27.5 17.0625 -41.5625 -27.5 18.9375 
3 16 -41.5625 -52.5 18.9375 -41.5625 -52.5 17.0625 -41.5625 -27.5 17.0625 
3 16 -43.4375 -52.5 18.9375 -41.5625 -27.5 18.9375 -43.4375 -27.5 18.9375 
3 16 -43.4375 -52.5 18.9375 -41.5625 -52.5 18.9375 -41.5625 -27.5 18.9375 
3 16 -43.4375 -52.5 17.0625 -43.4375 -27.5 18.9375 -43.4375 -27.5 17.0625 
3 16 -43.4375 -52.5 17.0625 -43.4375 -52.5 18.9375 -43.4375 -27.5 18.9375 
3 16 -41.5625 -27.5 17.0625 -43.4375 -27.5 17.0625 -43.4375 -27.5 18.9375 
3 16 -41.5625 -27.5 17.0625 -43.4375 -27.5 18.9375 -41.5625 -27.5 18.9375 
3 16 -41.5625 -52.5 17.0625 -43.4375 -52.5 17.0625 -43.4375 -52.5 18.9375 
3 16 -41.5625 -52.5 17.0625 -43.4375 -52.5 18.9375 -41.5625 -52.5 18.9375 
3 16 -41.5625 -52.5 25.0625 -43.4375 -27.5 25.0625 -41.5625 -27.5 25.0625 
3 16 -41.5625 -52.5 25.0625 -43.4375 -52.5 25.0625 -43.4375 -27.5 25.0625 
3 16 -41.5625 -52.5 26.9375 -41.5625 -27.5 25.0625 -41.5625 -27.5 26.9375 
3 16 -41.5625 -52.5 26.9375 -41.5625 -52.5 25.0625 -41.5625 -27.5 25.0625 
3 16 -43.4375 -52.5 26.9375 -41.5625 -27.5 26.9375 -43.4375 -27.5 26.9375 
3 16 -43.4375 -52.5 26.9375 -41.5625 -52.5 26.9375 -41.5625 -27.5 26.9375 
3 16 -43.4375 -52.5 25.0625 -43.4375 -27.5 26.9375 -43.4375 -27.5 25.0625 
3 16 -43.4375 -52.5 25.0625 -43.4375 -52.5 26.9375 -43.4375 -27.5 26.9375 
3 16 -41.5625 -27.5 25.0625 -43.4375 -27.5 25.0625 -43.4375 -27.5 26.9375 
3 16 -41.5625 -27.5 25.0625 -43.4375 -27.5 26.9375 -41.5625 -27.5 26.9375 
3 16 -41.5625 -52.5 25.0625 -43.4375 -52.5 25.0625 -43.4375 -52.5 26.9375 
3 16 -41.5625 -52.5 25.0625 -43.4375 -52.5 26.9375 -41.5625 -52.5 26.9375 
3 16 -41.5625 -52.5 -14.9375 -43.4375 -27.5 -14.9375 -41.5625 -27.5 -14.9375 
3 16 -41.5625 -52.5 -14.9375 -43.4375 -52.5 -14.9375 -43.4375 -27.5 -14.9375 
3 16 -41.5625 -52.5 -13.0625 -41.5625 -27.5 -14.9375 -41.5625 -27.5 -13.0625 
3 16 -41.5625 -52.5 -13.0625 -41.5625 -52.5 -14.9375 -41.5625 -27.5 -14.9375 
3 16 -43.4375 -52.5 -13.0625 -41.5625 -27.5 -13.0625 -43.4375 -27.5 -13.0625 
3 16 -43.4375 -52.5 -13.0625 -41.5625 -52.5 -13.0625 -41.5625 -27.5 -13.0625 
3 16 -43.4375 -52.5 -14.9375 -43.4375 -27.5 -13.0625 -43.4375 -27.5 -14.9375 
3 16 -43.4375 -52.5 -14.9375 -43.4375 -52.5 -13.0625 -43.4375 -27.5 -13.0625 
3 16 -41.5625 -27.5 -14.9375 -43.4375 -27.5 -14.9375 -43.4375 -27.5 -13.0625 
3 16 -41.5625 -27.5 -14.9375 -43.4375 -27.5 -13.0625 -41.5625 -27.5 -13.0625 
3 16 -41.5625 -52.5 -14.9375 -43.4375 -52.5 -14.9375 -43.4375 -52.5 -13.0625 
3 16 -41.5625 -52.5 -14.9375 -43.4375 -52.5 -13.0625 -41.5625 -52.5 -13.0625 
3 16 -41.5625 -52.5 -22.9375 -43.4375 -27.5 -22.9375 -41.5625 -27.5 -22.9375 
3 16 -41.5625 -52.5 -22.9375 -43.4375 -52.5 -22.9375 -43.4375 -27.5 -22.9375 
3 16 -41.5625 -52.5 -21.0625 -41.5625 -27.5 -22.9375 -41.5625 -27.5 -21.0625 
3 16 -41.5625 -52.5 -21.0625 -41.5625 -52.5 -22.9375 -41.5625 -27.5 -22.9375 
3 16 -43.4375 -52.5 -21.0625 -41.5625 -27.5 -21.0625 -43.4375 -27.5 -21.0625 
3 16 -43.4375 -52.5 -21.0625 -41.5625 -52.5 -21.0625 -41.5625 -27.5 -21.0625 
3 16 -43.4375 -52.5 -22.9375 -43.4375 -27.5 -21.0625 -43.4375 -27.5 -22.9375 
3 16 -43.4375 -52.5 -22.9375 -43.4375 -52.5 -21.0625 -43.4375 -27.5 -21.0625 
3 16 -41.5625 -27.5 -22.9375 -43.4375 -27.5 -22.9375 -43.4375 -27.5 -21.0625 
3 16 -41.5625 -27.5 -22.9375 -43.4375 -27.5 -21.0625 -41.5625 -27.5 -21.0625 
3 16 -41.5625 -52.5 -22.9375 -43.4375 -52.5 -22.9375 -43.4375 -52.5 -21.0625 
3 16 -41.5625 -52.5 -22.9375 -43.4375 -52.5 -21.0625 -41.5625 -52.5 -21.0625 
3 16 -33.5625 -52.5 -26.9375 -35.4375 -27.5 -26.9375 -33.5625 -27.5 -26.9375 
3 16 -33.5625 -52.5 -26.9375 -35.4375 -52.5 -26.9375 -35.4375 -27.5 -26.9375 
3 16 -33.5625 -52.5 -25.0625 -33.5625 -27.5 -26.9375 -33.5625 -27.5 -25.0625 
3 16 -33.5625 -52.5 -25.0625 -33.5625 -52.5 -26.9375 -33.5625 -27.5 -26.9375 
3 16 -35.4375 -52.5 -25.0625 -33.5625 -27.5 -25.0625 -35.4375 -27.5 -25.0625 
3 16 -35.4375 -52.5 -25.0625 -33.5625 -52.5 -25.0625 -33.5625 -27.5 -25.0625 
3 16 -35.4375 -52.5 -26.9375 -35.4375 -27.5 -25.0625 -35.4375 -27.5 -26.9375 
3 16 -35.4375 -52.5 -26.9375 -35.4375 -52.5 -25.0625 -35.4375 -27.5 -25.0625 
3 16 -33.5625 -27.5 -26.9375 -35.4375 -27.5 -26.9375 -35.4375 -27.5 -25.0625 
3 16 -33.5625 -27.5 -26.9375 -35.4375 -27.5 -25.0625 -33.5625 -27.5 -25.0625 
3 16 -33.5625 -52.5 -26.9375 -35.4375 -52.5 -26.9375 -35.4375 -52.5 -25.0625 
3 16 -33.5625 -52.5 -26.9375 -35.4375 -52.5 -25.0625 -33.5625 -52.5 -25.0625 
3 16 -33.5625 -52.5 -18.9375 -35.4375 -27.5 -18.9375 -33.5625 -27.5 -18.9375 
3 16 -33.5625 -52.5 -18.9375 -35.4375 -52.5 -18.9375 -35.4375 -27.5 -18.9375 
3 16 -33.5625 -52.5 -17.0625 -33.5625 -27.5 -18.9375 -33.5625 -27.5 -17.0625 
3 16 -33.5625 -52.5 -17.0625 -33.5625 -52.5 -18.9375 -33.5625 -27.5 -18.9375 
3 16 -35.4375 -52.5 -17.0625 -33.5625 -27.5 -17.0625 -35.4375 -27.5 -17.0625 
3 16 -35.4375 -52.5 -17.0625 -33.5625 -52.5 -17.0625 -33.5625 -27.5 -17.0625 
3 16 -35.4375 -52.5 -18.9375 -35.4375 -27.5 -17.0625 -35.4375 -27.5 -18.9375 
3 16 -35.4375 -52.5 -18.9375 -35.4375 -52.5 -17.0625 -35.4375 -27.5 -17.0625 
3 16 -33.5625 -27.5 -18.9375 -35.4375 -27.5 -18.9375 -35.4375 -27.5 -17.0625 
3 16 -33.5625 -27.5 -18.9375 -35.4375 -27.5 -17.0625 -33.5625 -27.5 -17.0625 
3 16 -33.5625 -52.5 -18.9375 -35.4375 -52.5 -18.9375 -35.4375 -52.5 -17.0625 
3 16 -33.5625 -52.5 -18.9375 -35.4375 -52.5 -17.0625 -33.5625 -52.5 -17.0625 
3 16 -40.7034 -41.5 5.0625 -42.5784 -16.5 5.0625 -40.7034 -16.5 5.0625 
3 16 -40.7034 -41.5 5.0625 -42.5784 -41.5 5.0625 -42.5784 -16.5 5.0625 
3 16 -40.7034 -41.5 6.9375 -40.7034 -16.5 5.0625 -40.7034 -16.5 6.9375 
3 16 -40.7034 -41.5 6.9375 -40.7034 -41.5 5.0625 -40.7034 -16.5 5.0625 
3 16 -42.5784 -41.5 6.9375 -40.7034 -16.5 6.9375 -42.5784 -16.5 6.9375 
3 16 -42.5784 -41.5 6.9375 -40.7034 -41.5 6.9375 -40.7034 -16.5 6.9375 
3 16 -42.5784 -41.5 5.0625 -42.5784 -16.5 6.9375 -42.5784 -16.5 5.0625 
3 16 -42.5784 -41.5 5.0625 -42.5784 -41.5 6.9375 -42.5784 -16.5 6.9375 
3 16 -40.7034 -16.5 5.0625 -42.5784 -16.5 5.0625 -42.5784 -16.5 6.9375 
3 16 -40.7034 -16.5 5.0625 -42.5784 -16.5 6.9375 -40.7034 -16.5 6.9375 
3 16 -40.7034 -41.5 5.0625 -42.5784 -41.5 5.0625 -42.5784 -41.5 6.9375 
3 16 -40.7034 -41.5 5.0625 -42.5784 -41.5 6.9375 -40.7034 -41.5 6.9375 
3 16 -40.7034 -41.5 -2.9375 -42.5784 -16.5 -2.9375 -40.7034 -16.5 -2.9375 
3 16 -40.7034 -41.5 -2.9375 -42.5784 -41.5 -2.9375 -42.5784 -16.5 -2.9375 
3 16 -40.7034 -41.5 -1.0625 -40.7034 -16.5 -2.9375 -40.7034 -16.5 -1.0625 
3 16 -40.7034 -41.5 -1.0625 -40.7034 -41.5 -2.9375 -40.7034 -16.5 -2.9375 
3 16 -42.5784 -41.5 -1.0625 -40.7034 -16.5 -1.0625 -42.5784 -16.5 -1.0625 
3 16 -42.5784 -41.5 -1.0625 -40.7034 -41.5 -1.0625 -40.7034 -16.5 -1.0625 
3 16 -42.5784 -41.5 -2.9375 -42.5784 -16.5 -1.0625 -42.5784 -16.5 -2.9375 
3 16 -42.5784 -41.5 -2.9375 -42.5784 -41.5 -1.0625 -42.5784 -16.5 -1.0625 
3 16 -40.7034 -16.5 -2.9375 -42.5784 -16.5 -2.9375 -42.5784 -16.5 -1.0625 
3 16 -40.7034 -16.5 -2.9375 -42.5784 -16.5 -1.0625 -40.7034 -16.5 -1.0625 
3 16 -40.7034 -41.5 -2.9375 -42.5784 -41.5 -2.9375 -42.5784 -41.5 -1.0625 
3 16 -40.7034 -41.5 -2.9375 -42.5784 -41.5 -1.0625 -40.7034 -41.5 -1.0625 
3 16 -34.4216 -41.5 -6.9375 -36.2966 -16.5 -6.9375 -34.4216 -16.5 -6.9375 
3 16 -34.4216 -41.5 -6.9375 -36.2966 -41.5 -6.9375 -36.2966 -16.5 -6.9375 
3 16 -34.4216 -41.5 -5.0625 -34.4216 -16.5 -6.9375 -34.4216 -16.5 -5.0625 
3 16 -34.4216 -41.5 -5.0625 -34.4216 -41.5 -6.9375 -34.4216 -16.5 -6.9375 
3 16 -36.2966 -41.5 -5.0625 -34.4216 -16.5 -5.0625 -36.2966 -16.5 -5.0625 
3 16 -36.2966 -41.5 -5.0625 -34.4216 -41.5 -5.0625 -34.4216 -16.5 -5.0625 
3 16 -36.2966 -41.5 -6.9375 -36.2966 -16.5 -5.0625 -36.2966 -16.5 -6.9375 
3 16 -36.2966 -41.5 -6.9375 -36.2966 -41.5 -5.0625 -36.2966 -16.5 -5.0625 
3 16 -34.4216 -16.5 -6.9375 -36.2966 -16.5 -6.9375 -36.2966 -16.5 -5.0625 
3 16 -34.4216 -16.5 -6.9375 -36.2966 -16.5 -5.0625 -34.4216 -16.5 -5.0625 
3 16 -34.4216 -41.5 -6.9375 -36.2966 -41.5 -6.9375 -36.2966 -41.5 -5.0625 
3 16 -34.4216 -41.5 -6.9375 -36.2966 -41.5 -5.0625 -34.4216 -41.5 -5.0625 
3 16 -34.4216 -41.5 1.0625 -36.2966 -16.5 1.0625 -34.4216 -16.5 1.0625 
3 16 -34.4216 -41.5 1.0625 -36.2966 -41.5 1.0625 -36.2966 -16.5 1.0625 
3 16 -34.4216 -41.5 2.9375 -34.4216 -16.5 1.0625 -34.4216 -16.5 2.9375 
3 16 -34.4216 -41.5 2.9375 -34.4216 -41.5 1.0625 -34.4216 -16.5 1.0625 
3 16 -36.2966 -41.5 2.9375 -34.4216 -16.5 2.9375 -36.2966 -16.5 2.9375 
3 16 -36.2966 -41.5 2.9375 -34.4216 -41.5 2.9375 -34.4216 -16.5 2.9375 
3 16 -36.2966 -41.5 1.0625 -36.2966 -16.5 2.9375 -36.2966 -16.5 1.0625 
3 16 -36.2966 -41.5 1.0625 -36.2966 -41.5 2.9375 -36.2966 -16.5 2.9375 
3 16 -34.4216 -16.5 1.0625 -36.2966 -16.5 1.0625 -36.2966 -16.5 2.9375 
3 16 -34.4216 -16.5 1.0625 -36.2966 -16.5 2.9375 -34.4216 -16.5 2.9375 
3 16 -34.4216 -41.5 1.0625 -36.2966 -41.5 1.0625 -36.2966 -41.5 2.9375 
3 16 -34.4216 -41.5 1.0625 -36.2966 -41.5 2.9375 -34.4216 -41.5 2.9375 
2 24 -35.4375 -27.5 13.0625 -33.5625 -27.5 13.0625 
2 24 -33.5625 -27.5 13.0625 -33.5625 -29.5833 13.0625 
2 24 -33.5625 -29.5833 13.0625 -33.5625 -31.6667 13.0625 
2 24 -33.5625 -31.6667 13.0625 -33.5625 -33.75 13.0625 
2 24 -33.5625 -33.75 13.0625 -33.5625 -35.8333 13.0625 
2 24 -33.5625 -35.8333 13.0625 -33.5625 -37.9167 13.0625 
2 24 -33.5625 -37.9167 13.0625 -33.5625 -40 13.0625 
2 24 -33.5625 -40 13.0625 -33.5625 -42.0833 13.0625 
2 24 -33.5625 -42.0833 13.0625 -33.5625 -44.1667 13.0625 
2 24 -33.5625 -44.1667 13.0625 -33.5625 -46.25 13.0625 
2 24 -33.5625 -46.25 13.0625 -33.5625 -48.3333 13.0625 
2 24 -33.5625 -48.3333 13.0625 -33.5625 -50.4167 13.0625 
2 24 -33.5625 -50.4167 13.0625 -33.5625 -52.5 13.0625 
2 24 -35.4375 -52.5 13.0625 -33.5625 -52.5 13.0625 
2 24 -35.4375 -27.5 13.0625 -35.4375 -29.5833 13.0625 
2 24 -35.4375 -29.5833 13.0625 -35.4375 -31.6667 13.0625 
2 24 -35.4375 -31.6667 13.0625 -35.4375 -33.75 13.0625 
2 24 -35.4375 -33.75 13.0625 -35.4375 -35.8333 13.0625 
2 24 -35.4375 -35.8333 13.0625 -35.4375 -37.9167 13.0625 
2 24 -35.4375 -37.9167 13.0625 -35.4375 -40 13.0625 
2 24 -35.4375 -40 13.0625 -35.4375 -42.0833 13.0625 
2 24 -35.4375 -42.0833 13.0625 -35.4375 -44.1667 13.0625 
2 24 -35.4375 -44.1667 13.0625 -35.4375 -46.25 13.0625 
2 24 -35.4375 -46.25 13.0625 -35.4375 -48.3333 13.0625 
2 24 -35.4375 -48.3333 13.0625 -35.4375 -50.4167 13.0625 
2 24 -35.4375 -50.4167 13.0625 -35.4375 -52.5 13.0625 
2 24 -33.5625 -27.5 13.0625 -33.5625 -27.5 14.9375 
2 24 -33.5625 -27.5 14.9375 -33.5625 -29.5833 14.9375 
2 24 -33.5625 -29.5833 14.9375 -33.5625 -31.6667 14.9375 
2 24 -33.5625 -31.6667 14.9375 -33.5625 -33.75 14.9375 
2 24 -33.5625 -33.75 14.9375 -33.5625 -35.8333 14.9375 
2 24 -33.5625 -35.8333 14.9375 -33.5625 -37.9167 14.9375 
2 24 -33.5625 -37.9167 14.9375 -33.5625 -40 14.9375 
2 24 -33.5625 -40 14.9375 -33.5625 -42.0833 14.9375 
2 24 -33.5625 -42.0833 14.9375 -33.5625 -44.1667 14.9375 
2 24 -33.5625 -44.1667 14.9375 -33.5625 -46.25 14.9375 
2 24 -33.5625 -46.25 14.9375 -33.5625 -48.3333 14.9375 
2 24 -33.5625 -48.3333 14.9375 -33.5625 -50.4167 14.9375 
2 24 -33.5625 -50.4167 14.9375 -33.5625 -52.5 14.9375 
2 24 -33.5625 -52.5 13.0625 -33.5625 -52.5 14.9375 
2 24 -33.5625 -27.5 14.9375 -35.4375 -27.5 14.9375 
2 24 -35.4375 -27.5 14.9375 -35.4375 -29.5833 14.9375 
2 24 -35.4375 -29.5833 14.9375 -35.4375 -31.6667 14.9375 
2 24 -35.4375 -31.6667 14.9375 -35.4375 -33.75 14.9375 
2 24 -35.4375 -33.75 14.9375 -35.4375 -35.8333 14.9375 
2 24 -35.4375 -35.8333 14.9375 -35.4375 -37.9167 14.9375 
2 24 -35.4375 -37.9167 14.9375 -35.4375 -40 14.9375 
2 24 -35.4375 -40 14.9375 -35.4375 -42.0833 14.9375 
2 24 -35.4375 -42.0833 14.9375 -35.4375 -44.1667 14.9375 
2 24 -35.4375 -44.1667 14.9375 -35.4375 -46.25 14.9375 
2 24 -35.4375 -46.25 14.9375 -35.4375 -48.3333 14.9375 
2 24 -35.4375 -48.3333 14.9375 -35.4375 -50.4167 14.9375 
2 24 -35.4375 -50.4167 14.9375 -35.4375 -52.5 14.9375 
2 24 -33.5625 -52.5 14.9375 -35.4375 -52.5 14.9375 
2 24 -35.4375 -27.5 14.9375 -35.4375 -27.5 13.0625 
2 24 -35.4375 -52.5 14.9375 -35.4375 -52.5 13.0625 
2 24 -35.4375 -27.5 21.0625 -33.5625 -27.5 21.0625 
2 24 -33.5625 -27.5 21.0625 -33.5625 -29.5833 21.0625 
2 24 -33.5625 -29.5833 21.0625 -33.5625 -31.6667 21.0625 
2 24 -33.5625 -31.6667 21.0625 -33.5625 -33.75 21.0625 
2 24 -33.5625 -33.75 21.0625 -33.5625 -35.8333 21.0625 
2 24 -33.5625 -35.8333 21.0625 -33.5625 -37.9167 21.0625 
2 24 -33.5625 -37.9167 21.0625 -33.5625 -40 21.0625 
2 24 -33.5625 -40 21.0625 -33.5625 -42.0833 21.0625 
2 24 -33.5625 -42.0833 21.0625 -33.5625 -44.1667 21.0625 
2 24 -33.5625 -44.1667 21.0625 -33.5625 -46.25 21.0625 
2 24 -33.5625 -46.25 21.0625 -33.5625 -48.3333 21.0625 
2 24 -33.5625 -48.3333 21.0625 -33.5625 -50.4167 21.0625 
2 24 -33.5625 -50.4167 21.0625 -33.5625 -52.5 21.0625 
2 24 -35.4375 -52.5 21.0625 -33.5625 -52.5 21.0625 
2 24 -35.4375 -27.5 21.0625 -35.4375 -29.5833 21.0625 
2 24 -35.4375 -29.5833 21.0625 -35.4375 -31.6667 21.0625 
2 24 -35.4375 -31.6667 21.0625 -35.4375 -33.75 21.0625 
2 24 -35.4375 -33.75 21.0625 -35.4375 -35.8333 21.0625 
2 24 -35.4375 -35.8333 21.0625 -35.4375 -37.9167 21.0625 
2 24 -35.4375 -37.9167 21.0625 -35.4375 -40 21.0625 
2 24 -35.4375 -40 21.0625 -35.4375 -42.0833 21.0625 
2 24 -35.4375 -42.0833 21.0625 -35.4375 -44.1667 21.0625 
2 24 -35.4375 -44.1667 21.0625 -35.4375 -46.25 21.0625 
2 24 -35.4375 -46.25 21.0625 -35.4375 -48.3333 21.0625 
2 24 -35.4375 -48.3333 21.0625 -35.4375 -50.4167 21.0625 
2 24 -35.4375 -50.4167 21.0625 -35.4375 -52.5 21.0625 
2 24 -33.5625 -27.5 21.0625 -33.5625 -27.5 22.9375 
2 24 -33.5625 -27.5 22.9375 -33.5625 -29.5833 22.9375 
2 24 -33.5625 -29.5833 22.9375 -33.5625 -31.6667 22.9375 
2 24 -33.5625 -31.6667 22.9375 -33.5625 -33.75 22.9375 
2 24 -33.5625 -33.75 22.9375 -33.5625 -35.8333 22.9375 
2 24 -33.5625 -35.8333 22.9375 -33.5625 -37.9167 22.9375 
2 24 -33.5625 -37.9167 22.9375 -33.5625 -40 22.9375 
2 24 -33.5625 -40 22.9375 -33.5625 -42.0833 22.9375 
2 24 -33.5625 -42.0833 22.9375 -33.5625 -44.1667 22.9375 
2 24 -33.5625 -44.1667 22.9375 -33.5625 -46.25 22.9375 
2 24 -33.5625 -46.25 22.9375 -33.5625 -48.3333 22.9375 
2 24 -33.5625 -48.3333 22.9375 -33.5625 -50.4167 22.9375 
2 24 -33.5625 -50.4167 22.9375 -33.5625 -52.5 22.9375 
2 24 -33.5625 -52.5 21.0625 -33.5625 -52.5 22.9375 
2 24 -33.5625 -27.5 22.9375 -35.4375 -27.5 22.9375 
2 24 -35.4375 -27.5 22.9375 -35.4375 -29.5833 22.9375 
2 24 -35.4375 -29.5833 22.9375 -35.4375 -31.6667 22.9375 
2 24 -35.4375 -31.6667 22.9375 -35.4375 -33.75 22.9375 
2 24 -35.4375 -33.75 22.9375 -35.4375 -35.8333 22.9375 
2 24 -35.4375 -35.8333 22.9375 -35.4375 -37.9167 22.9375 
2 24 -35.4375 -37.9167 22.9375 -35.4375 -40 22.9375 
2 24 -35.4375 -40 22.9375 -35.4375 -42.0833 22.9375 
2 24 -35.4375 -42.0833 22.9375 -35.4375 -44.1667 22.9375 
2 24 -35.4375 -44.1667 22.9375 -35.4375 -46.25 22.9375 
2 24 -35.4375 -46.25 22.9375 -35.4375 -48.3333 22.9375 
2 24 -35.4375 -48.3333 22.9375 -35.4375 -50.4167 22.9375 
2 24 -35.4375 -50.4167 22.9375 -35.4375 -52.5 22.9375 
2 24 -33.5625 -52.5 22.9375 -35.4375 -52.5 22.9375 
2 24 -35.4375 -27.5 22.9375 -35.4375 -27.5 21.0625 
2 24 -35.4375 -52.5 22.9375 -35.4375 -52.5 21.0625 
2 24 -43.4375 -27.5 17.0625 -41.5625 -27.5 17.0625 
2 24 -41.5625 -27.5 17.0625 -41.5625 -29.5833 17.0625 
2 24 -41.5625 -29.5833 17.0625 -41.5625 -31.6667 17.0625 
2 24 -41.5625 -31.6667 17.0625 -41.5625 -33.75 17.0625 
2 24 -41.5625 -33.75 17.0625 -41.5625 -35.8333 17.0625 
2 24 -41.5625 -35.8333 17.0625 -41.5625 -37.9167 17.0625 
2 24 -41.5625 -37.9167 17.0625 -41.5625 -40 17.0625 
2 24 -41.5625 -40 17.0625 -41.5625 -42.0833 17.0625 
2 24 -41.5625 -42.0833 17.0625 -41.5625 -44.1667 17.0625 
2 24 -41.5625 -44.1667 17.0625 -41.5625 -46.25 17.0625 
2 24 -41.5625 -46.25 17.0625 -41.5625 -48.3333 17.0625 
2 24 -41.5625 -48.3333 17.0625 -41.5625 -50.4167 17.0625 
2 24 -41.5625 -50.4167 17.0625 -41.5625 -52.5 17.0625 
2 24 -43.4375 -52.5 17.0625 -41.5625 -52.5 17.0625 
2 24 -43.4375 -27.5 17.0625 -43.4375 -29.5833 17.0625 
2 24 -43.4375 -29.5833 17.0625 -43.4375 -31.6667 17.0625 
2 24 -43.4375 -31.6667 17.0625 -43.4375 -33.75 17.0625 
2 24 -43.4375 -33.75 17.0625 -43.4375 -35.8333 17.0625 
2 24 -43.4375 -35.8333 17.0625 -43.4375 -37.9167 17.0625 
2 24 -43.4375 -37.9167 17.0625 -43.4375 -40 17.0625 
2 24 -43.4375 -40 17.0625 -43.4375 -42.0833 17.0625 
2 24 -43.4375 -42.0833 17.0625 -43.4375 -44.1667 17.0625 
2 24 -43.4375 -44.1667 17.0625 -43.4375 -46.25 17.0625 
2 24 -43.4375 -46.25 17.0625 -43.4375 -48.3333 17.0625 
2 24 -43.4375 -48.3333 17.0625 -43.4375 -50.4167 17.0625 
2 24 -43.4375 -50.4167 17.0625 -43.4375 -52.5 17.0625 
2 24 -41.5625 -27.5 17.0625 -41.5625 -27.5 18.9375 
2 24 -41.5625 -27.5 18.9375 -41.5625 -29.5833 18.9375 
2 24 -41.5625 -29.5833 18.9375 -41.5625 -31.6667 18.9375 
2 24 -41.5625 -31.6667 18.9375 -41.5625 -33.75 18.9375 
2 24 -41.5625 -33.75 18.9375 -41.5625 -35.8333 18.9375 
2 24 -41.5625 -35.8333 18.9375 -41.5625 -37.9167 18.9375 
2 24 -41.5625 -37.9167 18.9375 -41.5625 -40 18.9375 
2 24 -41.5625 -40 18.9375 -41.5625 -42.0833 18.9375 
2 24 -41.5625 -42.0833 18.9375 -41.5625 -44.1667 18.9375 
2 24 -41.5625 -44.1667 18.9375 -41.5625 -46.25 18.9375 
2 24 -41.5625 -46.25 18.9375 -41.5625 -48.3333 18.9375 
2 24 -41.5625 -48.3333 18.9375 -41.5625 -50.4167 18.9375 
2 24 -41.5625 -50.4167 18.9375 -41.5625 -52.5 18.9375 
2 24 -41.5625 -52.5 17.0625 -41.5625 -52.5 18.9375 
2 24 -41.5625 -27.5 18.9375 -43.4375 -27.5 18.9375 
2 24 -43.4375 -27.5 18.9375 -43.4375 -29.5833 18.9375 
2 24 -43.4375 -29.5833 18.9375 -43.4375 -31.6667 18.9375 
2 24 -43.4375 -31.6667 18.9375 -43.4375 -33.75 18.9375 
2 24 -43.4375 -33.75 18.9375 -43.4375 -35.8333 18.9375 
2 24 -43.4375 -35.8333 18.9375 -43.4375 -37.9167 18.9375 
2 24 -43.4375 -37.9167 18.9375 -43.4375 -40 18.9375 
2 24 -43.4375 -40 18.9375 -43.4375 -42.0833 18.9375 
2 24 -43.4375 -42.0833 18.9375 -43.4375 -44.1667 18.9375 
2 24 -43.4375 -44.1667 18.9375 -43.4375 -46.25 18.9375 
2 24 -43.4375 -46.25 18.9375 -43.4375 -48.3333 18.9375 
2 24 -43.4375 -48.3333 18.9375 -43.4375 -50.4167 18.9375 
2 24 -43.4375 -50.4167 18.9375 -43.4375 -52.5 18.9375 
2 24 -41.5625 -52.5 18.9375 -43.4375 -52.5 18.9375 
2 24 -43.4375 -27.5 18.9375 -43.4375 -27.5 17.0625 
2 24 -43.4375 -52.5 18.9375 -43.4375 -52.5 17.0625 
2 24 -43.4375 -27.5 25.0625 -41.5625 -27.5 25.0625 
2 24 -41.5625 -27.5 25.0625 -41.5625 -29.5833 25.0625 
2 24 -41.5625 -29.5833 25.0625 -41.5625 -31.6667 25.0625 
2 24 -41.5625 -31.6667 25.0625 -41.5625 -33.75 25.0625 
2 24 -41.5625 -33.75 25.0625 -41.5625 -35.8333 25.0625 
2 24 -41.5625 -35.8333 25.0625 -41.5625 -37.9167 25.0625 
2 24 -41.5625 -37.9167 25.0625 -41.5625 -40 25.0625 
2 24 -41.5625 -40 25.0625 -41.5625 -42.0833 25.0625 
2 24 -41.5625 -42.0833 25.0625 -41.5625 -44.1667 25.0625 
2 24 -41.5625 -44.1667 25.0625 -41.5625 -46.25 25.0625 
2 24 -41.5625 -46.25 25.0625 -41.5625 -48.3333 25.0625 
2 24 -41.5625 -48.3333 25.0625 -41.5625 -50.4167 25.0625 
2 24 -41.5625 -50.4167 25.0625 -41.5625 -52.5 25.0625 
2 24 -43.4375 -52.5 25.0625 -41.5625 -52.5 25.0625 
2 24 -43.4375 -27.5 25.0625 -43.4375 -29.5833 25.0625 
2 24 -43.4375 -29.5833 25.0625 -43.4375 -31.6667 25.0625 
2 24 -43.4375 -31.6667 25.0625 -43.4375 -33.75 25.0625 
2 24 -43.4375 -33.75 25.0625 -43.4375 -35.8333 25.0625 
2 24 -43.4375 -35.8333 25.0625 -43.4375 -37.9167 25.0625 
2 24 -43.4375 -37.9167 25.0625 -43.4375 -40 25.0625 
2 24 -43.4375 -40 25.0625 -43.4375 -42.0833 25.0625 
2 24 -43.4375 -42.0833 25.0625 -43.4375 -44.1667 25.0625 
2 24 -43.4375 -44.1667 25.0625 -43.4375 -46.25 25.0625 
2 24 -43.4375 -46.25 25.0625 -43.4375 -48.3333 25.0625 
2 24 -43.4375 -48.3333 25.0625 -43.4375 -50.4167 25.0625 
2 24 -43.4375 -50.4167 25.0625 -43.4375 -52.5 25.0625 
2 24 -41.5625 -27.5 25.0625 -41.5625 -27.5 26.9375 
2 24 -41.5625 -27.5 26.9375 -41.5625 -29.5833 26.9375 
2 24 -41.5625 -29.5833 26.9375 -41.5625 -31.6667 26.9375 
2 24 -41.5625 -31.6667 26.9375 -41.5625 -33.75 26.9375 
2 24 -41.5625 -33.75 26.9375 -41.5625 -35.8333 26.9375 
2 24 -41.5625 -35.8333 26.9375 -41.5625 -37.9167 26.9375 
2 24 -41.5625 -37.9167 26.9375 -41.5625 -40 26.9375 
2 24 -41.5625 -40 26.9375 -41.5625 -42.0833 26.9375 
2 24 -41.5625 -42.0833 26.9375 -41.5625 -44.1667 26.9375 
2 24 -41.5625 -44.1667 26.9375 -41.5625 -46.25 26.9375 
2 24 -41.5625 -46.25 26.9375 -41.5625 -48.3333 26.9375 
2 24 -41.5625 -48.3333 26.9375 -41.5625 -50.4167 26.9375 
2 24 -41.5625 -50.4167 26.9375 -41.5625 -52.5 26.9375 
2 24 -41.5625 -52.5 25.0625 -41.5625 -52.5 26.9375 
2 24 -41.5625 -27.5 26.9375 -43.4375 -27.5 26.9375 
2 24 -43.4375 -27.5 26.9375 -43.4375 -29.5833 26.9375 
2 24 -43.4375 -29.5833 26.9375 -43.4375 -31.6667 26.9375 
2 24 -43.4375 -31.6667 26.9375 -43.4375 -33.75 26.9375 
2 24 -43.4375 -33.75 26.9375 -43.4375 -35.8333 26.9375 
2 24 -43.4375 -35.8333 26.9375 -43.4375 -37.9167 26.9375 
2 24 -43.4375 -37.9167 26.9375 -43.4375 -40 26.9375 
2 24 -43.4375 -40 26.9375 -43.4375 -42.0833 26.9375 
2 24 -43.4375 -42.0833 26.9375 -43.4375 -44.1667 26.9375 
2 24 -43.4375 -44.1667 26.9375 -43.4375 -46.25 26.9375 
2 24 -43.4375 -46.25 26.9375 -43.4375 -48.3333 26.9375 
2 24 -43.4375 -48.3333 26.9375 -43.4375 -50.4167 26.9375 
2 24 -43.4375 -50.4167 26.9375 -43.4375 -52.5 26.9375 
2 24 -41.5625 -52.5 26.9375 -43.4375 -52.5 26.9375 
2 24 -43.4375 -27.5 26.9375 -43.4375 -27.5 25.0625 
2 24 -43.4375 -52.5 26.9375 -43.4375 -52.5 25.0625 
2 24 -43.4375 -27.5 -14.9375 -41.5625 -27.5 -14.9375 
2 24 -41.5625 -27.5 -14.9375 -41.5625 -29.5833 -14.9375 
2 24 -41.5625 -29.5833 -14.9375 -41.5625 -31.6667 -14.9375 
2 24 -41.5625 -31.6667 -14.9375 -41.5625 -33.75 -14.9375 
2 24 -41.5625 -33.75 -14.9375 -41.5625 -35.8333 -14.9375 
2 24 -41.5625 -35.8333 -14.9375 -41.5625 -37.9167 -14.9375 
2 24 -41.5625 -37.9167 -14.9375 -41.5625 -40 -14.9375 
2 24 -41.5625 -40 -14.9375 -41.5625 -42.0833 -14.9375 
2 24 -41.5625 -42.0833 -14.9375 -41.5625 -44.1667 -14.9375 
2 24 -41.5625 -44.1667 -14.9375 -41.5625 -46.25 -14.9375 
2 24 -41.5625 -46.25 -14.9375 -41.5625 -48.3333 -14.9375 
2 24 -41.5625 -48.3333 -14.9375 -41.5625 -50.4167 -14.9375 
2 24 -41.5625 -50.4167 -14.9375 -41.5625 -52.5 -14.9375 
2 24 -43.4375 -52.5 -14.9375 -41.5625 -52.5 -14.9375 
2 24 -43.4375 -27.5 -14.9375 -43.4375 -29.5833 -14.9375 
2 24 -43.4375 -29.5833 -14.9375 -43.4375 -31.6667 -14.9375 
2 24 -43.4375 -31.6667 -14.9375 -43.4375 -33.75 -14.9375 
2 24 -43.4375 -33.75 -14.9375 -43.4375 -35.8333 -14.9375 
2 24 -43.4375 -35.8333 -14.9375 -43.4375 -37.9167 -14.9375 
2 24 -43.4375 -37.9167 -14.9375 -43.4375 -40 -14.9375 
2 24 -43.4375 -40 -14.9375 -43.4375 -42.0833 -14.9375 
2 24 -43.4375 -42.0833 -14.9375 -43.4375 -44.1667 -14.9375 
2 24 -43.4375 -44.1667 -14.9375 -43.4375 -46.25 -14.9375 
2 24 -43.4375 -46.25 -14.9375 -43.4375 -48.3333 -14.9375 
2 24 -43.4375 -48.3333 -14.9375 -43.4375 -50.4167 -14.9375 
2 24 -43.4375 -50.4167 -14.9375 -43.4375 -52.5 -14.9375 
2 24 -41.5625 -27.5 -14.9375 -41.5625 -27.5 -13.0625 
2 24 -41.5625 -27.5 -13.0625 -41.5625 -29.5833 -13.0625 
2 24 -41.5625 -29.5833 -13.0625 -41.5625 -31.6667 -13.0625 
2 24 -41.5625 -31.6667 -13.0625 -41.5625 -33.75 -13.0625 
2 24 -41.5625 -33.75 -13.0625 -41.5625 -35.8333 -13.0625 
2 24 -41.5625 -35.8333 -13.0625 -41.5625 -37.9167 -13.0625 
2 24 -41.5625 -37.9167 -13.0625 -41.5625 -40 -13.0625 
2 24 -41.5625 -40 -13.0625 -41.5625 -42.0833 -13.0625 
2 24 -41.5625 -42.0833 -13.0625 -41.5625 -44.1667 -13.0625 
2 24 -41.5625 -44.1667 -13.0625 -41.5625 -46.25 -13.0625 
2 24 -41.5625 -46.25 -13.0625 -41.5625 -48.3333 -13.0625 
2 24 -41.5625 -48.3333 -13.0625 -41.5625 -50.4167 -13.0625 
2 24 -41.5625 -50.4167 -13.0625 -41.5625 -52.5 -13.0625 
2 24 -41.5625 -52.5 -14.9375 -41.5625 -52.5 -13.0625 
2 24 -41.5625 -27.5 -13.0625 -43.4375 -27.5 -13.0625 
2 24 -43.4375 -27.5 -13.0625 -43.4375 -29.5833 -13.0625 
2 24 -43.4375 -29.5833 -13.0625 -43.4375 -31.6667 -13.0625 
2 24 -43.4375 -31.6667 -13.0625 -43.4375 -33.75 -13.0625 
2 24 -43.4375 -33.75 -13.0625 -43.4375 -35.8333 -13.0625 
2 24 -43.4375 -35.8333 -13.0625 -43.4375 -37.9167 -13.0625 
2 24 -43.4375 -37.9167 -13.0625 -43.4375 -40 -13.0625 
2 24 -43.4375 -40 -13.0625 -43.4375 -42.0833 -13.0625 
2 24 -43.4375 -42.0833 -13.0625 -43.4375 -44.1667 -13.0625 
2 24 -43.4375 -44.1667 -13.0625 -43.4375 -46.25 -13.0625 
2 24 -43.4375 -46.25 -13.0625 -43.4375 -48.3333 -13.0625 
2 24 -43.4375 -48.3333 -13.0625 -43.4375 -50.4167 -13.0625 
2 24 -43.4375 -50.4167 -13.0625 -43.4375 -52.5 -13.0625 
2 24 -41.5625 -52.5 -13.0625 -43.4375 -52.5 -13.0625 
2 24 -43.4375 -27.5 -13.0625 -43.4375 -27.5 -14.9375 
2 24 -43.4375 -52.5 -13.0625 -43.4375 -52.5 -14.9375 
2 24 -43.4375 -27.5 -22.9375 -41.5625 -27.5 -22.9375 
2 24 -41.5625 -27.5 -22.9375 -41.5625 -29.5833 -22.9375 
2 24 -41.5625 -29.5833 -22.9375 -41.5625 -31.6667 -22.9375 
2 24 -41.5625 -31.6667 -22.9375 -41.5625 -33.75 -22.9375 
2 24 -41.5625 -33.75 -22.9375 -41.5625 -35.8333 -22.9375 
2 24 -41.5625 -35.8333 -22.9375 -41.5625 -37.9167 -22.9375 
2 24 -41.5625 -37.9167 -22.9375 -41.5625 -40 -22.9375 
2 24 -41.5625 -40 -22.9375 -41.5625 -42.0833 -22.9375 
2 24 -41.5625 -42.0833 -22.9375 -41.5625 -44.1667 -22.9375 
2 24 -41.5625 -44.1667 -22.9375 -41.5625 -46.25 -22.9375 
2 24 -41.5625 -46.25 -22.9375 -41.5625 -48.3333 -22.9375 
2 24 -41.5625 -48.3333 -22.9375 -41.5625 -50.4167 -22.9375 
2 24 -41.5625 -50.4167 -22.9375 -41.5625 -52.5 -22.9375 
2 24 -43.4375 -52.5 -22.9375 -41.5625 -52.5 -22.9375 
2 24 -43.4375 -27.5 -22.9375 -43.4375 -29.5833 -22.9375 
2 24 -43.4375 -29.5833 -22.9375 -43.4375 -31.6667 -22.9375 
2 24 -43.4375 -31.6667 -22.9375 -43.4375 -33.75 -22.9375 
2 24 -43.4375 -33.75 -22.9375 -43.4375 -35.8333 -22.9375 
2 24 -43.4375 -35.8333 -22.9375 -43.4375 -37.9167 -22.9375 
2 24 -43.4375 -37.9167 -22.9375 -43.4375 -40 -22.9375 
2 24 -43.4375 -40 -22.9375 -43.4375 -42.0833 -22.9375 
2 24 -43.4375 -42.0833 -22.9375 -43.4375 -44.1667 -22.9375 
2 24 -43.4375 -44.1667 -22.9375 -43.4375 -46.25 -22.9375 
2 24 -43.4375 -46.25 -22.9375 -43.4375 -48.3333 -22.9375 
2 24 -43.4375 -48.3333 -22.9375 -43.4375 -50.4167 -22.9375 
2 24 -43.4375 -50.4167 -22.9375 -43.4375 -52.5 -22.9375 
2 24 -41.5625 -27.5 -22.9375 -41.5625 -27.5 -21.0625 
2 24 -41.5625 -27.5 -21.0625 -41.5625 -29.5833 -21.0625 
2 24 -41.5625 -29.5833 -21.0625 -41.5625 -31.6667 -21.0625 
2 24 -41.5625 -31.6667 -21.0625 -41.5625 -33.75 -21.0625 
2 24 -41.5625 -33.75 -21.0625 -41.5625 -35.8333 -21.0625 
2 24 -41.5625 -35.8333 -21.0625 -41.5625 -37.9167 -21.0625 
2 24 -41.5625 -37.9167 -21.0625 -41.5625 -40 -21.0625 
2 24 -41.5625 -40 -21.0625 -41.5625 -42.0833 -21.0625 
2 24 -41.5625 -42.0833 -21.0625 -41.5625 -44.1667 -21.0625 
2 24 -41.5625 -44.1667 -21.0625 -41.5625 -46.25 -21.0625 
2 24 -41.5625 -46.25 -21.0625 -41.5625 -48.3333 -21.0625 
2 24 -41.5625 -48.3333 -21.0625 -41.5625 -50.4167 -21.0625 
2 24 -41.5625 -50.4167 -21.0625 -41.5625 -52.5 -21.0625 
2 24 -41.5625 -52.5 -22.9375 -41.5625 -52.5 -21.0625 
2 24 -41.5625 -27.5 -21.0625 -43.4375 -27.5 -21.0625 
2 24 -43.4375 -27.5 -21.0625 -43.4375 -29.5833 -21.0625 
2 24 -43.4375 -29.5833 -21.0625 -43.4375 -31.6667 -21.0625 
2 24 -43.4375 -31.6667 -21.0625 -43.4375 -33.75 -21.0625 
2 24 -43.4375 -33.75 -21.0625 -43.4375 -35.8333 -21.0625 
2 24 -43.4375 -35.8333 -21.0625 -43.4375 -37.9167 -21.0625 
2 24 -43.4375 -37.9167 -21.0625 -43.4375 -40 -21.0625 
2 24 -43.4375 -40 -21.0625 -43.4375 -42.0833 -21.0625 
2 24 -43.4375 -42.0833 -21.0625 -43.4375 -44.1667 -21.0625 
2 24 -43.4375 -44.1667 -21.0625 -43.4375 -46.25 -21.0625 
2 24 -43.4375 -46.25 -21.0625 -43.4375 -48.3333 -21.0625 
2 24 -43.4375 -48.3333 -21.0625 -43.4375 -50.4167 -21.0625 
2 24 -43.4375 -50.4167 -21.0625 -43.4375 -52.5 -21.0625 
2 24 -41.5625 -52.5 -21.0625 -43.4375 -52.5 -21.0625 
2 24 -43.4375 -27.5 -21.0625 -43.4375 -27.5 -22.9375 
2 24 -43.4375 -52.5 -21.0625 -43.4375 -52.5 -22.9375 
2 24 -35.4375 -27.5 -26.9375 -33.5625 -27.5 -26.9375 
2 24 -33.5625 -27.5 -26.9375 -33.5625 -29.5833 -26.9375 
2 24 -33.5625 -29.5833 -26.9375 -33.5625 -31.6667 -26.9375 
2 24 -33.5625 -31.6667 -26.9375 -33.5625 -33.75 -26.9375 
2 24 -33.5625 -33.75 -26.9375 -33.5625 -35.8333 -26.9375 
2 24 -33.5625 -35.8333 -26.9375 -33.5625 -37.9167 -26.9375 
2 24 -33.5625 -37.9167 -26.9375 -33.5625 -40 -26.9375 
2 24 -33.5625 -40 -26.9375 -33.5625 -42.0833 -26.9375 
2 24 -33.5625 -42.0833 -26.9375 -33.5625 -44.1667 -26.9375 
2 24 -33.5625 -44.1667 -26.9375 -33.5625 -46.25 -26.9375 
2 24 -33.5625 -46.25 -26.9375 -33.5625 -48.3333 -26.9375 
2 24 -33.5625 -48.3333 -26.9375 -33.5625 -50.4167 -26.9375 
2 24 -33.5625 -50.4167 -26.9375 -33.5625 -52.5 -26.9375 
2 24 -35.4375 -52.5 -26.9375 -33.5625 -52.5 -26.9375 
2 24 -35.4375 -27.5 -26.9375 -35.4375 -29.5833 -26.9375 
2 24 -35.4375 -29.5833 -26.9375 -35.4375 -31.6667 -26.9375 
2 24 -35.4375 -31.6667 -26.9375 -35.4375 -33.75 -26.9375 
2 24 -35.4375 -33.75 -26.9375 -35.4375 -35.8333 -26.9375 
2 24 -35.4375 -35.8333 -26.9375 -35.4375 -37.9167 -26.9375 
2 24 -35.4375 -37.9167 -26.9375 -35.4375 -40 -26.9375 
2 24 -35.4375 -40 -26.9375 -35.4375 -42.0833 -26.9375 
2 24 -35.4375 -42.0833 -26.9375 -35.4375 -44.1667 -26.9375 
2 24 -35.4375 -44.1667 -26.9375 -35.4375 -46.25 -26.9375 
2 24 -35.4375 -46.25 -26.9375 -35.4375 -48.3333 -26.9375 
2 24 -35.4375 -48.3333 -26.9375 -35.4375 -50.4167 -26.9375 
2 24 -35.4375 -50.4167 -26.9375 -35.4375 -52.5 -26.9375 
2 24 -33.5625 -27.5 -26.9375 -33.5625 -27.5 -25.0625 
2 24 -33.5625 -27.5 -25.0625 -33.5625 -29.5833 -25.0625 
2 24 -33.5625 -29.5833 -25.0625 -33.5625 -31.6667 -25.0625 
2 24 -33.5625 -31.6667 -25.0625 -33.5625 -33.75 -25.0625 
2 24 -33.5625 -33.75 -25.0625 -33.5625 -35.8333 -25.0625 
2 24 -33.5625 -35.8333 -25.0625 -33.5625 -37.9167 -25.0625 
2 24 -33.5625 -37.9167 -25.0625 -33.5625 -40 -25.0625 
2 24 -33.5625 -40 -25.0625 -33.5625 -42.0833 -25.0625 
2 24 -33.5625 -42.0833 -25.0625 -33.5625 -44.1667 -25.0625 
2 24 -33.5625 -44.1667 -25.0625 -33.5625 -46.25 -25.0625 
2 24 -33.5625 -46.25 -25.0625 -33.5625 -48.3333 -25.0625 
2 24 -33.5625 -48.3333 -25.0625 -33.5625 -50.4167 -25.0625 
2 24 -33.5625 -50.4167 -25.0625 -33.5625 -52.5 -25.0625 
2 24 -33.5625 -52.5 -26.9375 -33.5625 -52.5 -25.0625 
2 24 -33.5625 -27.5 -25.0625 -35.4375 -27.5 -25.0625 
2 24 -35.4375 -27.5 -25.0625 -35.4375 -29.5833 -25.0625 
2 24 -35.4375 -29.5833 -25.0625 -35.4375 -31.6667 -25.0625 
2 24 -35.4375 -31.6667 -25.0625 -35.4375 -33.75 -25.0625 
2 24 -35.4375 -33.75 -25.0625 -35.4375 -35.8333 -25.0625 
2 24 -35.4375 -35.8333 -25.0625 -35.4375 -37.9167 -25.0625 
2 24 -35.4375 -37.9167 -25.0625 -35.4375 -40 -25.0625 
2 24 -35.4375 -40 -25.0625 -35.4375 -42.0833 -25.0625 
2 24 -35.4375 -42.0833 -25.0625 -35.4375 -44.1667 -25.0625 
2 24 -35.4375 -44.1667 -25.0625 -35.4375 -46.25 -25.0625 
2 24 -35.4375 -46.25 -25.0625 -35.4375 -48.3333 -25.0625 
2 24 -35.4375 -48.3333 -25.0625 -35.4375 -50.4167 -25.0625 
2 24 -35.4375 -50.4167 -25.0625 -35.4375 -52.5 -25.0625 
2 24 -33.5625 -52.5 -25.0625 -35.4375 -52.5 -25.0625 
2 24 -35.4375 -27.5 -25.0625 -35.4375 -27.5 -26.9375 
2 24 -35.4375 -52.5 -25.0625 -35.4375 -52.5 -26.9375 
2 24 -35.4375 -27.5 -18.9375 -33.5625 -27.5 -18.9375 
2 24 -33.5625 -27.5 -18.9375 -33.5625 -29.5833 -18.9375 
2 24 -33.5625 -29.5833 -18.9375 -33.5625 -31.6667 -18.9375 
2 24 -33.5625 -31.6667 -18.9375 -33.5625 -33.75 -18.9375 
2 24 -33.5625 -33.75 -18.9375 -33.5625 -35.8333 -18.9375 
2 24 -33.5625 -35.8333 -18.9375 -33.5625 -37.9167 -18.9375 
2 24 -33.5625 -37.9167 -18.9375 -33.5625 -40 -18.9375 
2 24 -33.5625 -40 -18.9375 -33.5625 -42.0833 -18.9375 
2 24 -33.5625 -42.0833 -18.9375 -33.5625 -44.1667 -18.9375 
2 24 -33.5625 -44.1667 -18.9375 -33.5625 -46.25 -18.9375 
2 24 -33.5625 -46.25 -18.9375 -33.5625 -48.3333 -18.9375 
2 24 -33.5625 -48.3333 -18.9375 -33.5625 -50.4167 -18.9375 
2 24 -33.5625 -50.4167 -18.9375 -33.5625 -52.5 -18.9375 
2 24 -35.4375 -52.5 -18.9375 -33.5625 -52.5 -18.9375 
2 24 -35.4375 -27.5 -18.9375 -35.4375 -29.5833 -18.9375 
2 24 -35.4375 -29.5833 -18.9375 -35.4375 -31.6667 -18.9375 
2 24 -35.4375 -31.6667 -18.9375 -35.4375 -33.75 -18.9375 
2 24 -35.4375 -33.75 -18.9375 -35.4375 -35.8333 -18.9375 
2 24 -35.4375 -35.8333 -18.9375 -35.4375 -37.9167 -18.9375 
2 24 -35.4375 -37.9167 -18.9375 -35.4375 -40 -18.9375 
2 24 -35.4375 -40 -18.9375 -35.4375 -42.0833 -18.9375 
2 24 -35.4375 -42.0833 -18.9375 -35.4375 -44.1667 -18.9375 
2 24 -35.4375 -44.1667 -18.9375 -35.4375 -46.25 -18.9375 
2 24 -35.4375 -46.25 -18.9375 -35.4375 -48.3333 -18.9375 
2 24 -35.4375 -48.3333 -18.9375 -35.4375 -50.4167 -18.9375 
2 24 -35.4375 -50.4167 -18.9375 -35.4375 -52.5 -18.9375 
2 24 -33.5625 -27.5 -18.9375 -33.5625 -27.5 -17.0625 
2 24 -33.5625 -27.5 -17.0625 -33.5625 -29.5833 -17.0625 
2 24 -33.5625 -29.5833 -17.0625 -33.5625 -31.6667 -17.0625 
2 24 -33.5625 -31.6667 -17.0625 -33.5625 -33.75 -17.0625 
2 24 -33.5625 -33.75 -17.0625 -33.5625 -35.8333 -17.0625 
2 24 -33.5625 -35.8333 -17.0625 -33.5625 -37.9167 -17.0625 
2 24 -33.5625 -37.9167 -17.0625 -33.5625 -40 -17.0625 
2 24 -33.5625 -40 -17.0625 -33.5625 -42.0833 -17.0625 
2 24 -33.5625 -42.0833 -17.0625 -33.5625 -44.1667 -17.0625 
2 24 -33.5625 -44.1667 -17.0625 -33.5625 -46.25 -17.0625 
2 24 -33.5625 -46.25 -17.0625 -33.5625 -48.3333 -17.0625 
2 24 -33.5625 -48.3333 -17.0625 -33.5625 -50.4167 -17.0625 
2 24 -33.5625 -50.4167 -17.0625 -33.5625 -52.5 -17.0625 
2 24 -33.5625 -52.5 -18.9375 -33.5625 -52.5 -17.0625 
2 24 -33.5625 -27.5 -17.0625 -35.4375 -27.5 -17.0625 
2 24 -35.4375 -27.5 -17.0625 -35.4375 -29.5833 -17.0625 
2 24 -35.4375 -29.5833 -17.0625 -35.4375 -31.6667 -17.0625 
2 24 -35.4375 -31.6667 -17.0625 -35.4375 -33.75 -17.0625 
2 24 -35.4375 -33.75 -17.0625 -35.4375 -35.8333 -17.0625 
2 24 -35.4375 -35.8333 -17.0625 -35.4375 -37.9167 -17.0625 
2 24 -35.4375 -37.9167 -17.0625 -35.4375 -40 -17.0625 
2 24 -35.4375 -40 -17.0625 -35.4375 -42.0833 -17.0625 
2 24 -35.4375 -42.0833 -17.0625 -35.4375 -44.1667 -17.0625 
2 24 -35.4375 -44.1667 -17.0625 -35.4375 -46.25 -17.0625 
2 24 -35.4375 -46.25 -17.0625 -35.4375 -48.3333 -17.0625 
2 24 -35.4375 -48.3333 -17.0625 -35.4375 -50.4167 -17.0625 
2 24 -35.4375 -50.4167 -17.0625 -35.4375 -52.5 -17.0625 
2 24 -33.5625 -52.5 -17.0625 -35.4375 -52.5 -17.0625 
2 24 -35.4375 -27.5 -17.0625 -35.4375 -27.5 -18.9375 
2 24 -35.4375 -52.5 -17.0625 -35.4375 -52.5 -18.9375 
2 24 -42.5784 -16.5 5.0625 -40.7034 -16.5 5.0625 
2 24 -40.7034 -16.5 5.0625 -40.7034 -18.5833 5.0625 
2 24 -40.7034 -18.5833 5.0625 -40.7034 -20.6667 5.0625 
2 24 -40.7034 -20.6667 5.0625 -40.7034 -22.75 5.0625 
2 24 -40.7034 -22.75 5.0625 -40.7034 -24.8333 5.0625 
2 24 -40.7034 -24.8333 5.0625 -40.7034 -26.9167 5.0625 
2 24 -40.7034 -26.9167 5.0625 -40.7034 -29 5.0625 
2 24 -40.7034 -29 5.0625 -40.7034 -31.0833 5.0625 
2 24 -40.7034 -31.0833 5.0625 -40.7034 -33.1667 5.0625 
2 24 -40.7034 -33.1667 5.0625 -40.7034 -35.25 5.0625 
2 24 -40.7034 -35.25 5.0625 -40.7034 -37.3333 5.0625 
2 24 -40.7034 -37.3333 5.0625 -40.7034 -39.4167 5.0625 
2 24 -40.7034 -39.4167 5.0625 -40.7034 -41.5 5.0625 
2 24 -42.5784 -41.5 5.0625 -40.7034 -41.5 5.0625 
2 24 -42.5784 -16.5 5.0625 -42.5784 -18.5833 5.0625 
2 24 -42.5784 -18.5833 5.0625 -42.5784 -20.6667 5.0625 
2 24 -42.5784 -20.6667 5.0625 -42.5784 -22.75 5.0625 
2 24 -42.5784 -22.75 5.0625 -42.5784 -24.8333 5.0625 
2 24 -42.5784 -24.8333 5.0625 -42.5784 -26.9167 5.0625 
2 24 -42.5784 -26.9167 5.0625 -42.5784 -29 5.0625 
2 24 -42.5784 -29 5.0625 -42.5784 -31.0833 5.0625 
2 24 -42.5784 -31.0833 5.0625 -42.5784 -33.1667 5.0625 
2 24 -42.5784 -33.1667 5.0625 -42.5784 -35.25 5.0625 
2 24 -42.5784 -35.25 5.0625 -42.5784 -37.3333 5.0625 
2 24 -42.5784 -37.3333 5.0625 -42.5784 -39.4167 5.0625 
2 24 -42.5784 -39.4167 5.0625 -42.5784 -41.5 5.0625 
2 24 -40.7034 -16.5 5.0625 -40.7034 -16.5 6.9375 
2 24 -40.7034 -16.5 6.9375 -40.7034 -18.5833 6.9375 
2 24 -40.7034 -18.5833 6.9375 -40.7034 -20.6667 6.9375 
2 24 -40.7034 -20.6667 6.9375 -40.7034 -22.75 6.9375 
2 24 -40.7034 -22.75 6.9375 -40.7034 -24.8333 6.9375 
2 24 -40.7034 -24.8333 6.9375 -40.7034 -26.9167 6.9375 
2 24 -40.7034 -26.9167 6.9375 -40.7034 -29 6.9375 
2 24 -40.7034 -29 6.9375 -40.7034 -31.0833 6.9375 
2 24 -40.7034 -31.0833 6.9375 -40.7034 -33.1667 6.9375 
2 24 -40.7034 -33.1667 6.9375 -40.7034 -35.25 6.9375 
2 24 -40.7034 -35.25 6.9375 -40.7034 -37.3333 6.9375 
2 24 -40.7034 -37.3333 6.9375 -40.7034 -39.4167 6.9375 
2 24 -40.7034 -39.4167 6.9375 -40.7034 -41.5 6.9375 
2 24 -40.7034 -41.5 5.0625 -40.7034 -41.5 6.9375 
2 24 -40.7034 -16.5 6.9375 -42.5784 -16.5 6.9375 
2 24 -42.5784 -16.5 6.9375 -42.5784 -18.5833 6.9375 
2 24 -42.5784 -18.5833 6.9375 -42.5784 -20.6667 6.9375 
2 24 -42.5784 -20.6667 6.9375 -42.5784 -22.75 6.9375 
2 24 -42.5784 -22.75 6.9375 -42.5784 -24.8333 6.9375 
2 24 -42.5784 -24.8333 6.9375 -42.5784 -26.9167 6.9375 
2 24 -42.5784 -26.9167 6.9375 -42.5784 -29 6.9375 
2 24 -42.5784 -29 6.9375 -42.5784 -31.0833 6.9375 
2 24 -42.5784 -31.0833 6.9375 -42.5784 -33.1667 6.9375 
2 24 -42.5784 -33.1667 6.9375 -42.5784 -35.25 6.9375 
2 24 -42.5784 -35.25 6.9375 -42.5784 -37.3333 6.9375 
2 24 -42.5784 -37.3333 6.9375 -42.5784 -39.4167 6.9375 
2 24 -42.5784 -39.4167 6.9375 -42.5784 -41.5 6.9375 
2 24 -40.7034 -41.5 6.9375 -42.5784 -41.5 6.9375 
2 24 -42.5784 -16.5 6.9375 -42.5784 -16.5 5.0625 
2 24 -42.5784 -41.5 6.9375 -42.5784 -41.5 5.0625 
2 24 -42.5784 -16.5 -2.9375 -40.7034 -16.5 -2.9375 
2 24 -40.7034 -16.5 -2.9375 -40.7034 -18.5833 -2.9375 
2 24 -40.7034 -18.5833 -2.9375 -40.7034 -20.6667 -2.9375 
2 24 -40.7034 -20.6667 -2.9375 -40.7034 -22.75 -2.9375 
2 24 -40.7034 -22.75 -2.9375 -40.7034 -24.8333 -2.9375 
2 24 -40.7034 -24.8333 -2.9375 -40.7034 -26.9167 -2.9375 
2 24 -40.7034 -26.9167 -2.9375 -40.7034 -29 -2.9375 
2 24 -40.7034 -29 -2.9375 -40.7034 -31.0833 -2.9375 
2 24 -40.7034 -31.0833 -2.9375 -40.7034 -33.1667 -2.9375 
2 24 -40.7034 -33.1667 -2.9375 -40.7034 -35.25 -2.9375 
2 24 -40.7034 -35.25 -2.9375 -40.7034 -37.3333 -2.9375 
2 24 -40.7034 -37.3333 -2.9375 -40.7034 -39.4167 -2.9375 
2 24 -40.7034 -39.4167 -2.9375 -40.7034 -41.5 -2.9375 
2 24 -42.5784 -41.5 -2.9375 -40.7034 -41.5 -2.9375 
2 24 -42.5784 -16.5 -2.9375 -42.5784 -18.5833 -2.9375 
2 24 -42.5784 -18.5833 -2.9375 -42.5784 -20.6667 -2.9375 
2 24 -42.5784 -20.6667 -2.9375 -42.5784 -22.75 -2.9375 
2 24 -42.5784 -22.75 -2.9375 -42.5784 -24.8333 -2.9375 
2 24 -42.5784 -24.8333 -2.9375 -42.5784 -26.9167 -2.9375 
2 24 -42.5784 -26.9167 -2.9375 -42.5784 -29 -2.9375 
2 24 -42.5784 -29 -2.9375 -42.5784 -31.0833 -2.9375 
2 24 -42.5784 -31.0833 -2.9375 -42.5784 -33.1667 -2.9375 
2 24 -42.5784 -33.1667 -2.9375 -42.5784 -35.25 -2.9375 
2 24 -42.5784 -35.25 -2.9375 -42.5784 -37.3333 -2.9375 
2 24 -42.5784 -37.3333 -2.9375 -42.5784 -39.4167 -2.9375 
2 24 -42.5784 -39.4167 -2.9375 -42.5784 -41.5 -2.9375 
2 24 -40.7034 -16.5 -2.9375 -40.7034 -16.5 -1.0625 
2 24 -40.7034 -16.5 -1.0625 -40.7034 -18.5833 -1.0625 
2 24 -40.7034 -18.5833 -1.0625 -40.7034 -20.6667 -1.0625 
2 24 -40.7034 -20.6667 -1.0625 -40.7034 -22.75 -1.0625 
2 24 -40.7034 -22.75 -1.0625 -40.7034 -24.8333 -1.0625 
2 24 -40.7034 -24.8333 -1.0625 -40.7034 -26.9167 -1.0625 
2 24 -40.7034 -26.9167 -1.0625 -40.7034 -29 -1.0625 
2 24 -40.7034 -29 -1.0625 -40.7034 -31.0833 -1.0625 
2 24 -40.7034 -31.0833 -1.0625 -40.7034 -33.1667 -1.0625 
2 24 -40.7034 -33.1667 -1.0625 -40.7034 -35.25 -1.0625 
2 24 -40.7034 -35.25 -1.0625 -40.7034 -37.3333 -1.0625 
2 24 -40.7034 -37.3333 -1.0625 -40.7034 -39.4167 -1.0625 
2 24 -40.7034 -39.4167 -1.0625 -40.7034 -41.5 -1.0625 
2 24 -40.7034 -41.5 -2.9375 -40.7034 -41.5 -1.0625 
2 24 -40.7034 -16.5 -1.0625 -42.5784 -16.5 -1.0625 
2 24 -42.5784 -16.5 -1.0625 -42.5784 -18.5833 -1.0625 
2 24 -42.5784 -18.5833 -1.0625 -42.5784 -20.6667 -1.0625 
2 24 -42.5784 -20.6667 -1.0625 -42.5784 -22.75 -1.0625 
2 24 -42.5784 -22.75 -1.0625 -42.5784 -24.8333 -1.0625 
2 24 -42.5784 -24.8333 -1.0625 -42.5784 -26.9167 -1.0625 
2 24 -42.5784 -26.9167 -1.0625 -42.5784 -29 -1.0625 
2 24 -42.5784 -29 -1.0625 -42.5784 -31.0833 -1.0625 
2 24 -42.5784 -31.0833 -1.0625 -42.5784 -33.1667 -1.0625 
2 24 -42.5784 -33.1667 -1.0625 -42.5784 -35.25 -1.0625 
2 24 -42.5784 -35.25 -1.0625 -42.5784 -37.3333 -1.0625 
2 24 -42.5784 -37.3333 -1.0625 -42.5784 -39.4167 -1.0625 
2 24 -42.5784 -39.4167 -1.0625 -42.5784 -41.5 -1.0625 
2 24 -40.7034 -41.5 -1.0625 -42.5784 -41.5 -1.0625 
2 24 -42.5784 -16.5 -1.0625 -42.5784 -16.5 -2.9375 
2 24 -42.5784 -41.5 -1.0625 -42.5784 -41.5 -2.9375 
2 24 -36.2966 -16.5 -6.9375 -34.4216 -16.5 -6.9375 
2 24 -34.4216 -16.5 -6.9375 -34.4216 -18.5833 -6.9375 
2 24 -34.4216 -18.5833 -6.9375 -34.4216 -20.6667 -6.9375 
2 24 -34.4216 -20.6667 -6.9375 -34.4216 -22.75 -6.9375 
2 24 -34.4216 -22.75 -6.9375 -34.4216 -24.8333 -6.9375 
2 24 -34.4216 -24.8333 -6.9375 -34.4216 -26.9167 -6.9375 
2 24 -34.4216 -26.9167 -6.9375 -34.4216 -29 -6.9375 
2 24 -34.4216 -29 -6.9375 -34.4216 -31.0833 -6.9375 
2 24 -34.4216 -31.0833 -6.9375 -34.4216 -33.1667 -6.9375 
2 24 -34.4216 -33.1667 -6.9375 -34.4216 -35.25 -6.9375 
2 24 -34.4216 -35.25 -6.9375 -34.4216 -37.3333 -6.9375 
2 24 -34.4216 -37.3333 -6.9375 -34.4216 -39.4167 -6.9375 
2 24 -34.4216 -39.4167 -6.9375 -34.4216 -41.5 -6.9375 
2 24 -36.2966 -41.5 -6.9375 -34.4216 -41.5 -6.9375 
2 24 -36.2966 -16.5 -6.9375 -36.2966 -18.5833 -6.9375 
2 24 -36.2966 -18.5833 -6.9375 -36.2966 -20.6667 -6.9375 
2 24 -36.2966 -20.6667 -6.9375 -36.2966 -22.75 -6.9375 
2 24 -36.2966 -22.75 -6.9375 -36.2966 -24.8333 -6.9375 
2 24 -36.2966 -24.8333 -6.9375 -36.2966 -26.9167 -6.9375 
2 24 -36.2966 -26.9167 -6.9375 -36.2966 -29 -6.9375 
2 24 -36.2966 -29 -6.9375 -36.2966 -31.0833 -6.9375 
2 24 -36.2966 -31.0833 -6.9375 -36.2966 -33.1667 -6.9375 
2 24 -36.2966 -33.1667 -6.9375 -36.2966 -35.25 -6.9375 
2 24 -36.2966 -35.25 -6.9375 -36.2966 -37.3333 -6.9375 
2 24 -36.2966 -37.3333 -6.9375 -36.2966 -39.4167 -6.9375 
2 24 -36.2966 -39.4167 -6.9375 -36.2966 -41.5 -6.9375 
2 24 -34.4216 -16.5 -6.9375 -34.4216 -16.5 -5.0625 
2 24 -34.4216 -16.5 -5.0625 -34.4216 -18.5833 -5.0625 
2 24 -34.4216 -18.5833 -5.0625 -34.4216 -20.6667 -5.0625 
2 24 -34.4216 -20.6667 -5.0625 -34.4216 -22.75 -5.0625 
2 24 -34.4216 -22.75 -5.0625 -34.4216 -24.8333 -5.0625 
2 24 -34.4216 -24.8333 -5.0625 -34.4216 -26.9167 -5.0625 
2 24 -34.4216 -26.9167 -5.0625 -34.4216 -29 -5.0625 
2 24 -34.4216 -29 -5.0625 -34.4216 -31.0833 -5.0625 
2 24 -34.4216 -31.0833 -5.0625 -34.4216 -33.1667 -5.0625 
2 24 -34.4216 -33.1667 -5.0625 -34.4216 -35.25 -5.0625 
2 24 -34.4216 -35.25 -5.0625 -34.4216 -37.3333 -5.0625 
2 24 -34.4216 -37.3333 -5.0625 -34.4216 -39.4167 -5.0625 
2 24 -34.4216 -39.4167 -5.0625 -34.4216 -41.5 -5.0625 
2 24 -34.4216 -41.5 -6.9375 -34.4216 -41.5 -5.0625 
2 24 -34.4216 -16.5 -5.0625 -36.2966 -16.5 -5.0625 
2 24 -36.2966 -16.5 -5.0625 -36.2966 -18.5833 -5.0625 
2 24 -36.2966 -18.5833 -5.0625 -36.2966 -20.6667 -5.0625 
2 24 -36.2966 -20.6667 -5.0625 -36.2966 -22.75 -5.0625 
2 24 -36.2966 -22.75 -5.0625 -36.2966 -24.8333 -5.0625 
2 24 -36.2966 -24.8333 -5.0625 -36.2966 -26.9167 -5.0625 
2 24 -36.2966 -26.9167 -5.0625 -36.2966 -29 -5.0625 
2 24 -36.2966 -29 -5.0625 -36.2966 -31.0833 -5.0625 
2 24 -36.2966 -31.0833 -5.0625 -36.2966 -33.1667 -5.0625 
2 24 -36.2966 -33.1667 -5.0625 -36.2966 -35.25 -5.0625 
2 24 -36.2966 -35.25 -5.0625 -36.2966 -37.3333 -5.0625 
2 24 -36.2966 -37.3333 -5.0625 -36.2966 -39.4167 -5.0625 
2 24 -36.2966 -39.4167 -5.0625 -36.2966 -41.5 -5.0625 
2 24 -34.4216 -41.5 -5.0625 -36.2966 -41.5 -5.0625 
2 24 -36.2966 -16.5 -5.0625 -36.2966 -16.5 -6.9375 
2 24 -36.2966 -41.5 -5.0625 -36.2966 -41.5 -6.9375 
2 24 -36.2966 -16.5 1.0625 -34.4216 -16.5 1.0625 
2 24 -34.4216 -16.5 1.0625 -34.4216 -18.5833 1.0625 
2 24 -34.4216 -18.5833 1.0625 -34.4216 -20.6667 1.0625 
2 24 -34.4216 -20.6667 1.0625 -34.4216 -22.75 1.0625 
2 24 -34.4216 -22.75 1.0625 -34.4216 -24.8333 1.0625 
2 24 -34.4216 -24.8333 1.0625 -34.4216 -26.9167 1.0625 
2 24 -34.4216 -26.9167 1.0625 -34.4216 -29 1.0625 
2 24 -34.4216 -29 1.0625 -34.4216 -31.0833 1.0625 
2 24 -34.4216 -31.0833 1.0625 -34.4216 -33.1667 1.0625 
2 24 -34.4216 -33.1667 1.0625 -34.4216 -35.25 1.0625 
2 24 -34.4216 -35.25 1.0625 -34.4216 -37.3333 1.0625 
2 24 -34.4216 -37.3333 1.0625 -34.4216 -39.4167 1.0625 
2 24 -34.4216 -39.4167 1.0625 -34.4216 -41.5 1.0625 
2 24 -36.2966 -41.5 1.0625 -34.4216 -41.5 1.0625 
2 24 -36.2966 -16.5 1.0625 -36.2966 -18.5833 1.0625 
2 24 -36.2966 -18.5833 1.0625 -36.2966 -20.6667 1.0625 
2 24 -36.2966 -20.6667 1.0625 -36.2966 -22.75 1.0625 
2 24 -36.2966 -22.75 1.0625 -36.2966 -24.8333 1.0625 
2 24 -36.2966 -24.8333 1.0625 -36.2966 -26.9167 1.0625 
2 24 -36.2966 -26.9167 1.0625 -36.2966 -29 1.0625 
2 24 -36.2966 -29 1.0625 -36.2966 -31.0833 1.0625 
2 24 -36.2966 -31.0833 1.0625 -36.2966 -33.1667 1.0625 
2 24 -36.2966 -33.1667 1.0625 -36.2966 -35.25 1.0625 
2 24 -36.2966 -35.25 1.0625 -36.2966 -37.3333 1.0625 
2 24 -36.2966 -37.3333 1.0625 -36.2966 -39.4167 1.0625 
2 24 -36.2966 -39.4167 1.0625 -36.2966 -41.5 1.0625 
2 24 -34.4216 -16.5 1.0625 -34.4216 -16.5 2.9375 
2 24 -34.4216 -16.5 2.9375 -34.4216 -18.5833 2.9375 
2 24 -34.4216 -18.5833 2.9375 -34.4216 -20.6667 2.9375 
2 24 -34.4216 -20.6667 2.9375 -34.4216 -22.75 2.9375 
2 24 -34.4216 -22.75 2.9375 -34.4216 -24.8333 2.9375 
2 24 -34.4216 -24.8333 2.9375 -34.4216 -26.9167 2.9375 
2 24 -34.4216 -26.9167 2.9375 -34.4216 -29 2.9375 
2 24 -34.4216 -29 2.9375 -34.4216 -31.0833 2.9375 
2 24 -34.4216 -31.0833 2.9375 -34.4216 -33.1667 2.9375 
2 24 -34.4216 -33.1667 2.9375 -34.4216 -35.25 2.9375 
2 24 -34.4216 -35.25 2.9375 -34.4216 -37.3333 2.9375 
2 24 -34.4216 -37.3333 2.9375 -34.4216 -39.4167 2.9375 
2 24 -34.4216 -39.4167 2.9375 -34.4216 -41.5 2.9375 
2 24 -34.4216 -41.5 1.0625 -34.4216 -41.5 2.9375 
2 24 -34.4216 -16.5 2.9375 -36.2966 -16.5 2.9375 
2 24 -36.2966 -16.5 2.9375 -36.2966 -18.5833 2.9375 
2 24 -36.2966 -18.5833 2.9375 -36.2966 -20.6667 2.9375 
2 24 -36.2966 -20.6667 2.9375 -36.2966 -22.75 2.9375 
2 24 -36.2966 -22.75 2.9375 -36.2966 -24.8333 2.9375 
2 24 -36.2966 -24.8333 2.9375 -36.2966 -26.9167 2.9375 
2 24 -36.2966 -26.9167 2.9375 -36.2966 -29 2.9375 
2 24 -36.2966 -29 2.9375 -36.2966 -31.0833 2.9375 
2 24 -36.2966 -31.0833 2.9375 -36.2966 -33.1667 2.9375 
2 24 -36.2966 -33.1667 2.9375 -36.2966 -35.25 2.9375 
2 24 -36.2966 -35.25 2.9375 -36.2966 -37.3333 2.9375 
2 24 -36.2966 -37.3333 2.9375 -36.2966 -39.4167 2.9375 
2 24 -36.2966 -39.4167 2.9375 -36.2966 -41.5 2.9375 
2 24 -34.4216 -41.5 2.9375 -36.2966 -41.5 2.9375 
2 24 -36.2966 -16.5 2.9375 -36.2966 -16.5 1.0625 
2 24 -36.2966 -41.5 2.9375 -36.2966 -41.5 1.0625 
0 NOFILE
