0 Screws.dat
0 FILE Screws.dat
0 Name: screws.dat
0 Author: Fx Bricks
3 16 44.6047 -5 -32.1966 44.75 -5 -31 44.75 -7.5 -31 
3 16 44.6047 -5 -32.1966 44.75 -7.5 -31 44.6047 -7.5 -32.1966 
3 16 44.1773 -5 -33.3236 44.6047 -7.5 -32.1966 44.1773 -7.5 -33.3236 
3 16 44.1773 -5 -33.3236 44.6047 -5 -32.1966 44.6047 -7.5 -32.1966 
3 16 43.4926 -5 -34.3156 44.1773 -7.5 -33.3236 43.4926 -7.5 -34.3156 
3 16 43.4926 -5 -34.3156 44.1773 -5 -33.3236 44.1773 -7.5 -33.3236 
3 16 42.5903 -5 -35.1149 43.4926 -7.5 -34.3156 42.5903 -7.5 -35.1149 
3 16 42.5903 -5 -35.1149 43.4926 -5 -34.3156 43.4926 -7.5 -34.3156 
3 16 41.523 -5 -35.6751 42.5903 -7.5 -35.1149 41.523 -7.5 -35.6751 
3 16 41.523 -5 -35.6751 42.5903 -5 -35.1149 42.5903 -7.5 -35.1149 
3 16 40.3527 -5 -35.9635 41.523 -7.5 -35.6751 40.3527 -7.5 -35.9635 
3 16 40.3527 -5 -35.9635 41.523 -5 -35.6751 41.523 -7.5 -35.6751 
3 16 39.1473 -5 -35.9635 40.3527 -7.5 -35.9635 39.1473 -7.5 -35.9635 
3 16 39.1473 -5 -35.9635 40.3527 -5 -35.9635 40.3527 -7.5 -35.9635 
3 16 37.977 -5 -35.6751 39.1473 -7.5 -35.9635 37.977 -7.5 -35.6751 
3 16 37.977 -5 -35.6751 39.1473 -5 -35.9635 39.1473 -7.5 -35.9635 
3 16 36.9097 -5 -35.1149 37.977 -7.5 -35.6751 36.9097 -7.5 -35.1149 
3 16 36.9097 -5 -35.1149 37.977 -5 -35.6751 37.977 -7.5 -35.6751 
3 16 36.0074 -5 -34.3156 36.9097 -7.5 -35.1149 36.0074 -7.5 -34.3156 
3 16 36.0074 -5 -34.3156 36.9097 -5 -35.1149 36.9097 -7.5 -35.1149 
3 16 35.3227 -5 -33.3236 36.0074 -5 -34.3156 36.0074 -7.5 -34.3156 
3 16 35.3227 -5 -33.3236 36.0074 -7.5 -34.3156 35.3227 -7.5 -33.3236 
3 16 34.8953 -5 -32.1966 35.3227 -5 -33.3236 35.3227 -7.5 -33.3236 
3 16 34.8953 -5 -32.1966 35.3227 -7.5 -33.3236 34.8953 -7.5 -32.1966 
3 16 34.75 -5 -31 34.8953 -5 -32.1966 34.8953 -7.5 -32.1966 
3 16 34.75 -5 -31 34.8953 -7.5 -32.1966 34.75 -7.5 -31 
3 16 34.8953 -5 -29.8034 34.75 -5 -31 34.75 -7.5 -31 
3 16 34.8953 -5 -29.8034 34.75 -7.5 -31 34.8953 -7.5 -29.8034 
3 16 35.3227 -5 -28.6764 34.8953 -5 -29.8034 34.8953 -7.5 -29.8034 
3 16 35.3227 -5 -28.6764 34.8953 -7.5 -29.8034 35.3227 -7.5 -28.6764 
3 16 36.0074 -5 -27.6844 35.3227 -5 -28.6764 35.3227 -7.5 -28.6764 
3 16 36.0074 -5 -27.6844 35.3227 -7.5 -28.6764 36.0074 -7.5 -27.6844 
3 16 36.9097 -5 -26.8851 36.0074 -5 -27.6844 36.0074 -7.5 -27.6844 
3 16 36.9097 -5 -26.8851 36.9097 -7.5 -26.8851 37.977 -7.5 -26.3249 
3 16 36.9097 -5 -26.8851 36.0074 -7.5 -27.6844 36.9097 -7.5 -26.8851 
3 16 37.977 -5 -26.3249 36.9097 -5 -26.8851 37.977 -7.5 -26.3249 
3 16 39.1473 -5 -26.0365 37.977 -5 -26.3249 37.977 -7.5 -26.3249 
3 16 39.1473 -5 -26.0365 37.977 -7.5 -26.3249 39.1473 -7.5 -26.0365 
3 16 40.3527 -5 -26.0365 40.3527 -7.5 -26.0365 41.523 -7.5 -26.3249 
3 16 40.3527 -5 -26.0365 39.1473 -7.5 -26.0365 40.3527 -7.5 -26.0365 
3 16 40.3527 -5 -26.0365 39.1473 -5 -26.0365 39.1473 -7.5 -26.0365 
3 16 41.523 -5 -26.3249 40.3527 -5 -26.0365 41.523 -7.5 -26.3249 
3 16 42.5903 -5 -26.8851 41.523 -7.5 -26.3249 42.5903 -7.5 -26.8851 
3 16 42.5903 -5 -26.8851 41.523 -5 -26.3249 41.523 -7.5 -26.3249 
3 16 43.4926 -5 -27.6844 43.4926 -7.5 -27.6844 44.1773 -7.5 -28.6764 
3 16 43.4926 -5 -27.6844 42.5903 -7.5 -26.8851 43.4926 -7.5 -27.6844 
3 16 43.4926 -5 -27.6844 42.5903 -5 -26.8851 42.5903 -7.5 -26.8851 
3 16 44.1773 -5 -28.6764 43.4926 -5 -27.6844 44.1773 -7.5 -28.6764 
3 16 44.6047 -5 -29.8034 44.1773 -7.5 -28.6764 44.6047 -7.5 -29.8034 
3 16 44.6047 -5 -29.8034 44.1773 -5 -28.6764 44.1773 -7.5 -28.6764 
3 16 44.75 -5 -31 44.6047 -7.5 -29.8034 44.75 -7.5 -31 
3 16 44.75 -5 -31 44.6047 -5 -29.8034 44.6047 -7.5 -29.8034 
3 16 38.9375 -5 -33.5 36.0074 -5 -34.3156 36.9097 -5 -35.1149 
3 16 38.9375 -5 -33.5 36.9097 -5 -35.1149 37.977 -5 -35.6751 
3 16 38.9375 -5 -33.5 37.977 -5 -35.6751 39.1473 -5 -35.9635 
3 16 38.9375 -5 -33.5 39.1473 -5 -35.9635 40.3527 -5 -35.9635 
3 16 37.25 -5 -31.8125 34.75 -5 -31 34.8953 -5 -32.1966 
3 16 37.25 -5 -31.8125 34.8953 -5 -32.1966 35.3227 -5 -33.3236 
3 16 37.25 -5 -31.8125 35.3227 -5 -33.3236 36.0074 -5 -34.3156 
3 16 37.25 -5 -31.8125 36.0074 -5 -34.3156 38.9375 -5 -33.5 
3 16 40.5625 -5 -33.5 40.3527 -5 -35.9635 41.523 -5 -35.6751 
3 16 40.5625 -5 -33.5 38.9375 -5 -33.5 40.3527 -5 -35.9635 
3 16 37.25 -5 -30.1875 35.3227 -5 -28.6764 34.8953 -5 -29.8034 
3 16 37.25 -5 -30.1875 34.8953 -5 -29.8034 34.75 -5 -31 
3 16 37.25 -5 -30.1875 34.75 -5 -31 37.25 -5 -31.8125 
3 16 38.9375 -5 -31.8125 37.25 -5 -31.8125 38.9375 -5 -33.5 
3 16 42.5903 -5 -35.1149 40.5625 -5 -33.5 41.523 -5 -35.6751 
3 16 36.0074 -5 -27.6844 35.3227 -5 -28.6764 37.25 -5 -30.1875 
3 16 43.4926 -5 -34.3156 40.5625 -5 -33.5 42.5903 -5 -35.1149 
3 16 42.25 -5 -31.8125 40.5625 -5 -31.8125 40.5625 -5 -33.5 
3 16 42.25 -5 -31.8125 40.5625 -5 -33.5 43.4926 -5 -34.3156 
3 16 38.9375 -5 -28.5 36.9097 -5 -26.8851 36.0074 -5 -27.6844 
3 16 38.9375 -5 -28.5 37.25 -5 -30.1875 38.9375 -5 -30.1875 
3 16 38.9375 -5 -28.5 36.0074 -5 -27.6844 37.25 -5 -30.1875 
3 16 44.1773 -5 -33.3236 42.25 -5 -31.8125 43.4926 -5 -34.3156 
3 16 37.977 -5 -26.3249 36.9097 -5 -26.8851 38.9375 -5 -28.5 
3 16 40.5625 -5 -28.5 40.5625 -5 -30.1875 42.25 -5 -30.1875 
3 16 44.6047 -5 -32.1966 42.25 -5 -31.8125 44.1773 -5 -33.3236 
3 16 39.1473 -5 -26.0365 37.977 -5 -26.3249 38.9375 -5 -28.5 
3 16 44.75 -5 -31 42.25 -5 -30.1875 42.25 -5 -31.8125 
3 16 44.75 -5 -31 42.25 -5 -31.8125 44.6047 -5 -32.1966 
3 16 40.3527 -5 -26.0365 38.9375 -5 -28.5 40.5625 -5 -28.5 
3 16 40.3527 -5 -26.0365 39.1473 -5 -26.0365 38.9375 -5 -28.5 
3 16 44.6047 -5 -29.8034 42.25 -5 -30.1875 44.75 -5 -31 
3 16 41.523 -5 -26.3249 40.3527 -5 -26.0365 40.5625 -5 -28.5 
3 16 44.1773 -5 -28.6764 42.25 -5 -30.1875 44.6047 -5 -29.8034 
3 16 42.5903 -5 -26.8851 41.523 -5 -26.3249 40.5625 -5 -28.5 
3 16 43.4926 -5 -27.6844 42.25 -5 -30.1875 44.1773 -5 -28.6764 
3 16 43.4926 -5 -27.6844 42.5903 -5 -26.8851 40.5625 -5 -28.5 
3 16 43.4926 -5 -27.6844 40.5625 -5 -28.5 42.25 -5 -30.1875 
3 16 40.3527 -7.5 -35.9635 37.977 -7.5 -35.6751 39.1473 -7.5 -35.9635 
3 16 34.8953 -7.5 -29.8034 34.75 -7.5 -31 34.8953 -7.5 -32.1966 
3 16 42.5903 -7.5 -35.1149 40.3527 -7.5 -35.9635 41.523 -7.5 -35.6751 
3 16 44.1773 -7.5 -33.3236 42.5903 -7.5 -35.1149 43.4926 -7.5 -34.3156 
3 16 44.6047 -7.5 -32.1966 36.9097 -7.5 -35.1149 37.977 -7.5 -35.6751 
3 16 44.6047 -7.5 -32.1966 40.3527 -7.5 -35.9635 42.5903 -7.5 -35.1149 
3 16 44.6047 -7.5 -32.1966 37.977 -7.5 -35.6751 40.3527 -7.5 -35.9635 
3 16 44.6047 -7.5 -32.1966 42.5903 -7.5 -35.1149 44.1773 -7.5 -33.3236 
3 16 39.1473 -7.5 -26.0365 37.977 -7.5 -26.3249 36.9097 -7.5 -26.8851 
3 16 44.6047 -7.5 -29.8034 34.8953 -7.5 -32.1966 35.3227 -7.5 -33.3236 
3 16 44.6047 -7.5 -29.8034 35.3227 -7.5 -33.3236 36.0074 -7.5 -34.3156 
3 16 44.6047 -7.5 -29.8034 36.0074 -7.5 -34.3156 36.9097 -7.5 -35.1149 
3 16 44.6047 -7.5 -29.8034 44.6047 -7.5 -32.1966 44.75 -7.5 -31 
3 16 44.6047 -7.5 -29.8034 36.9097 -7.5 -35.1149 44.6047 -7.5 -32.1966 
3 16 44.1773 -7.5 -28.6764 36.0074 -7.5 -27.6844 35.3227 -7.5 -28.6764 
3 16 44.1773 -7.5 -28.6764 35.3227 -7.5 -28.6764 34.8953 -7.5 -29.8034 
3 16 44.1773 -7.5 -28.6764 34.8953 -7.5 -29.8034 34.8953 -7.5 -32.1966 
3 16 44.1773 -7.5 -28.6764 34.8953 -7.5 -32.1966 44.6047 -7.5 -29.8034 
3 16 42.5903 -7.5 -26.8851 41.523 -7.5 -26.3249 40.3527 -7.5 -26.0365 
3 16 42.5903 -7.5 -26.8851 40.3527 -7.5 -26.0365 39.1473 -7.5 -26.0365 
3 16 43.4926 -7.5 -27.6844 36.9097 -7.5 -26.8851 36.0074 -7.5 -27.6844 
3 16 43.4926 -7.5 -27.6844 39.1473 -7.5 -26.0365 36.9097 -7.5 -26.8851 
3 16 43.4926 -7.5 -27.6844 36.0074 -7.5 -27.6844 44.1773 -7.5 -28.6764 
3 16 43.4926 -7.5 -27.6844 42.5903 -7.5 -26.8851 39.1473 -7.5 -26.0365 
3 16 38.9375 -5 -28.5 40.5625 -5 -28.5 40.5625 -7 -28.5 
3 16 38.9375 -5 -28.5 40.5625 -7 -28.5 38.9375 -7 -28.5 
3 16 38.9375 -5 -30.1875 38.9375 -5 -28.5 38.9375 -7 -28.5 
3 16 38.9375 -5 -30.1875 38.9375 -7 -28.5 38.9375 -7 -30.1875 
3 16 37.25 -5 -30.1875 38.9375 -5 -30.1875 38.9375 -7 -30.1875 
3 16 37.25 -5 -30.1875 38.9375 -7 -30.1875 37.25 -7 -30.1875 
3 16 37.25 -5 -31.8125 37.25 -5 -30.1875 37.25 -7 -30.1875 
3 16 37.25 -5 -31.8125 37.25 -7 -30.1875 37.25 -7 -31.8125 
3 16 38.9375 -5 -31.8125 37.25 -5 -31.8125 37.25 -7 -31.8125 
3 16 38.9375 -5 -31.8125 37.25 -7 -31.8125 38.9375 -7 -31.8125 
3 16 38.9375 -5 -33.5 38.9375 -5 -31.8125 38.9375 -7 -31.8125 
3 16 38.9375 -5 -33.5 38.9375 -7 -31.8125 38.9375 -7 -33.5 
3 16 40.5625 -5 -33.5 38.9375 -5 -33.5 38.9375 -7 -33.5 
3 16 40.5625 -5 -33.5 38.9375 -7 -33.5 40.5625 -7 -33.5 
3 16 40.5625 -5 -31.8125 40.5625 -5 -33.5 40.5625 -7 -33.5 
3 16 40.5625 -5 -31.8125 40.5625 -7 -33.5 40.5625 -7 -31.8125 
3 16 42.25 -5 -31.8125 40.5625 -5 -31.8125 40.5625 -7 -31.8125 
3 16 42.25 -5 -31.8125 40.5625 -7 -31.8125 42.25 -7 -31.8125 
3 16 42.25 -5 -30.1875 42.25 -5 -31.8125 42.25 -7 -31.8125 
3 16 42.25 -5 -30.1875 42.25 -7 -31.8125 42.25 -7 -30.1875 
3 16 40.5625 -5 -30.1875 42.25 -5 -30.1875 42.25 -7 -30.1875 
3 16 40.5625 -5 -30.1875 42.25 -7 -30.1875 40.5625 -7 -30.1875 
3 16 40.5625 -5 -28.5 40.5625 -5 -30.1875 40.5625 -7 -30.1875 
3 16 40.5625 -5 -28.5 40.5625 -7 -30.1875 40.5625 -7 -28.5 
3 16 38.9375 -7 -30.1875 37.25 -7 -30.1875 37.25 -7 -31.8125 
3 16 38.9375 -7 -30.1875 37.25 -7 -31.8125 38.9375 -7 -31.8125 
3 16 40.5625 -7 -31.8125 38.9375 -7 -31.8125 38.9375 -7 -33.5 
3 16 40.5625 -7 -31.8125 38.9375 -7 -33.5 40.5625 -7 -33.5 
3 16 40.5625 -7 -30.1875 38.9375 -7 -30.1875 38.9375 -7 -31.8125 
3 16 40.5625 -7 -30.1875 38.9375 -7 -31.8125 40.5625 -7 -31.8125 
3 16 42.25 -7 -30.1875 40.5625 -7 -31.8125 42.25 -7 -31.8125 
3 16 42.25 -7 -30.1875 40.5625 -7 -30.1875 40.5625 -7 -31.8125 
3 16 40.5625 -7 -28.5 38.9375 -7 -28.5 38.9375 -7 -30.1875 
3 16 40.5625 -7 -28.5 38.9375 -7 -30.1875 40.5625 -7 -30.1875 
3 16 44.6047 -5 29.8034 44.75 -5 31 44.75 -7.5 31 
3 16 44.6047 -5 29.8034 44.75 -7.5 31 44.6047 -7.5 29.8034 
3 16 44.1773 -5 28.6764 44.6047 -7.5 29.8034 44.1773 -7.5 28.6764 
3 16 44.1773 -5 28.6764 44.6047 -5 29.8034 44.6047 -7.5 29.8034 
3 16 43.4926 -5 27.6844 44.1773 -7.5 28.6764 43.4926 -7.5 27.6844 
3 16 43.4926 -5 27.6844 44.1773 -5 28.6764 44.1773 -7.5 28.6764 
3 16 42.5903 -5 26.8851 43.4926 -7.5 27.6844 42.5903 -7.5 26.8851 
3 16 42.5903 -5 26.8851 43.4926 -5 27.6844 43.4926 -7.5 27.6844 
3 16 41.523 -5 26.3249 42.5903 -7.5 26.8851 41.523 -7.5 26.3249 
3 16 41.523 -5 26.3249 42.5903 -5 26.8851 42.5903 -7.5 26.8851 
3 16 40.3527 -5 26.0365 41.523 -7.5 26.3249 40.3527 -7.5 26.0365 
3 16 40.3527 -5 26.0365 41.523 -5 26.3249 41.523 -7.5 26.3249 
3 16 39.1473 -5 26.0365 40.3527 -7.5 26.0365 39.1473 -7.5 26.0365 
3 16 39.1473 -5 26.0365 40.3527 -5 26.0365 40.3527 -7.5 26.0365 
3 16 37.977 -5 26.3249 39.1473 -7.5 26.0365 37.977 -7.5 26.3249 
3 16 37.977 -5 26.3249 39.1473 -5 26.0365 39.1473 -7.5 26.0365 
3 16 36.9097 -5 26.8851 37.977 -7.5 26.3249 36.9097 -7.5 26.8851 
3 16 36.9097 -5 26.8851 37.977 -5 26.3249 37.977 -7.5 26.3249 
3 16 36.0074 -5 27.6844 36.9097 -7.5 26.8851 36.0074 -7.5 27.6844 
3 16 36.0074 -5 27.6844 36.9097 -5 26.8851 36.9097 -7.5 26.8851 
3 16 35.3227 -5 28.6764 36.0074 -5 27.6844 36.0074 -7.5 27.6844 
3 16 35.3227 -5 28.6764 36.0074 -7.5 27.6844 35.3227 -7.5 28.6764 
3 16 34.8953 -5 29.8034 35.3227 -5 28.6764 35.3227 -7.5 28.6764 
3 16 34.8953 -5 29.8034 35.3227 -7.5 28.6764 34.8953 -7.5 29.8034 
3 16 34.75 -5 31 34.8953 -5 29.8034 34.8953 -7.5 29.8034 
3 16 34.75 -5 31 34.8953 -7.5 29.8034 34.75 -7.5 31 
3 16 34.8953 -5 32.1966 34.75 -5 31 34.75 -7.5 31 
3 16 34.8953 -5 32.1966 34.75 -7.5 31 34.8953 -7.5 32.1966 
3 16 35.3227 -5 33.3236 34.8953 -5 32.1966 34.8953 -7.5 32.1966 
3 16 35.3227 -5 33.3236 34.8953 -7.5 32.1966 35.3227 -7.5 33.3236 
3 16 36.0074 -5 34.3156 35.3227 -5 33.3236 35.3227 -7.5 33.3236 
3 16 36.0074 -5 34.3156 35.3227 -7.5 33.3236 36.0074 -7.5 34.3156 
3 16 36.9097 -5 35.1149 36.0074 -5 34.3156 36.0074 -7.5 34.3156 
3 16 36.9097 -5 35.1149 36.9097 -7.5 35.1149 37.977 -7.5 35.6751 
3 16 36.9097 -5 35.1149 36.0074 -7.5 34.3156 36.9097 -7.5 35.1149 
3 16 37.977 -5 35.6751 36.9097 -5 35.1149 37.977 -7.5 35.6751 
3 16 39.1473 -5 35.9635 37.977 -5 35.6751 37.977 -7.5 35.6751 
3 16 39.1473 -5 35.9635 37.977 -7.5 35.6751 39.1473 -7.5 35.9635 
3 16 40.3527 -5 35.9635 40.3527 -7.5 35.9635 41.523 -7.5 35.6751 
3 16 40.3527 -5 35.9635 39.1473 -7.5 35.9635 40.3527 -7.5 35.9635 
3 16 40.3527 -5 35.9635 39.1473 -5 35.9635 39.1473 -7.5 35.9635 
3 16 41.523 -5 35.6751 40.3527 -5 35.9635 41.523 -7.5 35.6751 
3 16 42.5903 -5 35.1149 41.523 -7.5 35.6751 42.5903 -7.5 35.1149 
3 16 42.5903 -5 35.1149 41.523 -5 35.6751 41.523 -7.5 35.6751 
3 16 43.4926 -5 34.3156 43.4926 -7.5 34.3156 44.1773 -7.5 33.3236 
3 16 43.4926 -5 34.3156 42.5903 -7.5 35.1149 43.4926 -7.5 34.3156 
3 16 43.4926 -5 34.3156 42.5903 -5 35.1149 42.5903 -7.5 35.1149 
3 16 44.1773 -5 33.3236 43.4926 -5 34.3156 44.1773 -7.5 33.3236 
3 16 44.6047 -5 32.1966 44.1773 -7.5 33.3236 44.6047 -7.5 32.1966 
3 16 44.6047 -5 32.1966 44.1773 -5 33.3236 44.1773 -7.5 33.3236 
3 16 44.75 -5 31 44.6047 -7.5 32.1966 44.75 -7.5 31 
3 16 44.75 -5 31 44.6047 -5 32.1966 44.6047 -7.5 32.1966 
3 16 38.9375 -5 28.5 36.0074 -5 27.6844 36.9097 -5 26.8851 
3 16 38.9375 -5 28.5 36.9097 -5 26.8851 37.977 -5 26.3249 
3 16 38.9375 -5 28.5 37.977 -5 26.3249 39.1473 -5 26.0365 
3 16 38.9375 -5 28.5 39.1473 -5 26.0365 40.3527 -5 26.0365 
3 16 37.25 -5 30.1875 34.75 -5 31 34.8953 -5 29.8034 
3 16 37.25 -5 30.1875 34.8953 -5 29.8034 35.3227 -5 28.6764 
3 16 37.25 -5 30.1875 35.3227 -5 28.6764 36.0074 -5 27.6844 
3 16 37.25 -5 30.1875 36.0074 -5 27.6844 38.9375 -5 28.5 
3 16 37.25 -5 31.8125 35.3227 -5 33.3236 34.8953 -5 32.1966 
3 16 37.25 -5 31.8125 34.8953 -5 32.1966 34.75 -5 31 
3 16 37.25 -5 31.8125 34.75 -5 31 37.25 -5 30.1875 
3 16 40.5625 -5 28.5 40.3527 -5 26.0365 41.523 -5 26.3249 
3 16 40.5625 -5 28.5 38.9375 -5 28.5 40.3527 -5 26.0365 
3 16 38.9375 -5 30.1875 37.25 -5 30.1875 38.9375 -5 28.5 
3 16 42.5903 -5 26.8851 40.5625 -5 28.5 41.523 -5 26.3249 
3 16 36.0074 -5 34.3156 35.3227 -5 33.3236 37.25 -5 31.8125 
3 16 43.4926 -5 27.6844 40.5625 -5 28.5 42.5903 -5 26.8851 
3 16 42.25 -5 30.1875 40.5625 -5 30.1875 40.5625 -5 28.5 
3 16 42.25 -5 30.1875 40.5625 -5 28.5 43.4926 -5 27.6844 
3 16 38.9375 -5 33.5 36.9097 -5 35.1149 36.0074 -5 34.3156 
3 16 38.9375 -5 33.5 37.25 -5 31.8125 38.9375 -5 31.8125 
3 16 38.9375 -5 33.5 36.0074 -5 34.3156 37.25 -5 31.8125 
3 16 44.1773 -5 28.6764 42.25 -5 30.1875 43.4926 -5 27.6844 
3 16 37.977 -5 35.6751 36.9097 -5 35.1149 38.9375 -5 33.5 
3 16 40.5625 -5 33.5 40.5625 -5 31.8125 42.25 -5 31.8125 
3 16 44.6047 -5 29.8034 42.25 -5 30.1875 44.1773 -5 28.6764 
3 16 39.1473 -5 35.9635 37.977 -5 35.6751 38.9375 -5 33.5 
3 16 44.75 -5 31 42.25 -5 31.8125 42.25 -5 30.1875 
3 16 44.75 -5 31 42.25 -5 30.1875 44.6047 -5 29.8034 
3 16 40.3527 -5 35.9635 38.9375 -5 33.5 40.5625 -5 33.5 
3 16 40.3527 -5 35.9635 39.1473 -5 35.9635 38.9375 -5 33.5 
3 16 44.6047 -5 32.1966 42.25 -5 31.8125 44.75 -5 31 
3 16 41.523 -5 35.6751 40.3527 -5 35.9635 40.5625 -5 33.5 
3 16 44.1773 -5 33.3236 42.25 -5 31.8125 44.6047 -5 32.1966 
3 16 42.5903 -5 35.1149 41.523 -5 35.6751 40.5625 -5 33.5 
3 16 43.4926 -5 34.3156 42.25 -5 31.8125 44.1773 -5 33.3236 
3 16 43.4926 -5 34.3156 42.5903 -5 35.1149 40.5625 -5 33.5 
3 16 43.4926 -5 34.3156 40.5625 -5 33.5 42.25 -5 31.8125 
3 16 40.3527 -7.5 26.0365 37.977 -7.5 26.3249 39.1473 -7.5 26.0365 
3 16 34.8953 -7.5 32.1966 34.75 -7.5 31 34.8953 -7.5 29.8034 
3 16 42.5903 -7.5 26.8851 40.3527 -7.5 26.0365 41.523 -7.5 26.3249 
3 16 44.1773 -7.5 28.6764 42.5903 -7.5 26.8851 43.4926 -7.5 27.6844 
3 16 44.6047 -7.5 29.8034 36.9097 -7.5 26.8851 37.977 -7.5 26.3249 
3 16 44.6047 -7.5 29.8034 40.3527 -7.5 26.0365 42.5903 -7.5 26.8851 
3 16 44.6047 -7.5 29.8034 37.977 -7.5 26.3249 40.3527 -7.5 26.0365 
3 16 44.6047 -7.5 29.8034 42.5903 -7.5 26.8851 44.1773 -7.5 28.6764 
3 16 39.1473 -7.5 35.9635 37.977 -7.5 35.6751 36.9097 -7.5 35.1149 
3 16 44.6047 -7.5 32.1966 34.8953 -7.5 29.8034 35.3227 -7.5 28.6764 
3 16 44.6047 -7.5 32.1966 35.3227 -7.5 28.6764 36.0074 -7.5 27.6844 
3 16 44.6047 -7.5 32.1966 36.0074 -7.5 27.6844 36.9097 -7.5 26.8851 
3 16 44.6047 -7.5 32.1966 44.6047 -7.5 29.8034 44.75 -7.5 31 
3 16 44.6047 -7.5 32.1966 36.9097 -7.5 26.8851 44.6047 -7.5 29.8034 
3 16 44.1773 -7.5 33.3236 36.0074 -7.5 34.3156 35.3227 -7.5 33.3236 
3 16 44.1773 -7.5 33.3236 35.3227 -7.5 33.3236 34.8953 -7.5 32.1966 
3 16 44.1773 -7.5 33.3236 34.8953 -7.5 32.1966 34.8953 -7.5 29.8034 
3 16 44.1773 -7.5 33.3236 34.8953 -7.5 29.8034 44.6047 -7.5 32.1966 
3 16 42.5903 -7.5 35.1149 41.523 -7.5 35.6751 40.3527 -7.5 35.9635 
3 16 42.5903 -7.5 35.1149 40.3527 -7.5 35.9635 39.1473 -7.5 35.9635 
3 16 43.4926 -7.5 34.3156 36.9097 -7.5 35.1149 36.0074 -7.5 34.3156 
3 16 43.4926 -7.5 34.3156 39.1473 -7.5 35.9635 36.9097 -7.5 35.1149 
3 16 43.4926 -7.5 34.3156 36.0074 -7.5 34.3156 44.1773 -7.5 33.3236 
3 16 43.4926 -7.5 34.3156 42.5903 -7.5 35.1149 39.1473 -7.5 35.9635 
3 16 38.9375 -5 33.5 40.5625 -5 33.5 40.5625 -7 33.5 
3 16 38.9375 -5 33.5 40.5625 -7 33.5 38.9375 -7 33.5 
3 16 38.9375 -5 31.8125 38.9375 -5 33.5 38.9375 -7 33.5 
3 16 38.9375 -5 31.8125 38.9375 -7 33.5 38.9375 -7 31.8125 
3 16 37.25 -5 31.8125 38.9375 -5 31.8125 38.9375 -7 31.8125 
3 16 37.25 -5 31.8125 38.9375 -7 31.8125 37.25 -7 31.8125 
3 16 37.25 -5 30.1875 37.25 -5 31.8125 37.25 -7 31.8125 
3 16 37.25 -5 30.1875 37.25 -7 31.8125 37.25 -7 30.1875 
3 16 38.9375 -5 30.1875 37.25 -5 30.1875 37.25 -7 30.1875 
3 16 38.9375 -5 30.1875 37.25 -7 30.1875 38.9375 -7 30.1875 
3 16 38.9375 -5 28.5 38.9375 -5 30.1875 38.9375 -7 30.1875 
3 16 38.9375 -5 28.5 38.9375 -7 30.1875 38.9375 -7 28.5 
3 16 40.5625 -5 28.5 38.9375 -5 28.5 38.9375 -7 28.5 
3 16 40.5625 -5 28.5 38.9375 -7 28.5 40.5625 -7 28.5 
3 16 40.5625 -5 30.1875 40.5625 -5 28.5 40.5625 -7 28.5 
3 16 40.5625 -5 30.1875 40.5625 -7 28.5 40.5625 -7 30.1875 
3 16 42.25 -5 30.1875 40.5625 -5 30.1875 40.5625 -7 30.1875 
3 16 42.25 -5 30.1875 40.5625 -7 30.1875 42.25 -7 30.1875 
3 16 42.25 -5 31.8125 42.25 -5 30.1875 42.25 -7 30.1875 
3 16 42.25 -5 31.8125 42.25 -7 30.1875 42.25 -7 31.8125 
3 16 40.5625 -5 31.8125 42.25 -5 31.8125 42.25 -7 31.8125 
3 16 40.5625 -5 31.8125 42.25 -7 31.8125 40.5625 -7 31.8125 
3 16 40.5625 -5 33.5 40.5625 -5 31.8125 40.5625 -7 31.8125 
3 16 40.5625 -5 33.5 40.5625 -7 31.8125 40.5625 -7 33.5 
3 16 38.9375 -7 31.8125 37.25 -7 31.8125 37.25 -7 30.1875 
3 16 38.9375 -7 31.8125 37.25 -7 30.1875 38.9375 -7 30.1875 
3 16 40.5625 -7 30.1875 38.9375 -7 30.1875 38.9375 -7 28.5 
3 16 40.5625 -7 30.1875 38.9375 -7 28.5 40.5625 -7 28.5 
3 16 40.5625 -7 31.8125 38.9375 -7 30.1875 40.5625 -7 30.1875 
3 16 40.5625 -7 31.8125 38.9375 -7 31.8125 38.9375 -7 30.1875 
3 16 42.25 -7 31.8125 40.5625 -7 30.1875 42.25 -7 30.1875 
3 16 42.25 -7 31.8125 40.5625 -7 31.8125 40.5625 -7 30.1875 
3 16 40.5625 -7 33.5 38.9375 -7 33.5 38.9375 -7 31.8125 
3 16 40.5625 -7 33.5 38.9375 -7 31.8125 40.5625 -7 31.8125 
3 16 -34.8953 -5 -32.1966 -34.75 -5 -31 -34.75 -7.5 -31 
3 16 -34.8953 -5 -32.1966 -34.75 -7.5 -31 -34.8953 -7.5 -32.1966 
3 16 -35.3227 -5 -33.3236 -34.8953 -7.5 -32.1966 -35.3227 -7.5 -33.3236 
3 16 -35.3227 -5 -33.3236 -34.8953 -5 -32.1966 -34.8953 -7.5 -32.1966 
3 16 -36.0074 -5 -34.3156 -35.3227 -7.5 -33.3236 -36.0074 -7.5 -34.3156 
3 16 -36.0074 -5 -34.3156 -35.3227 -5 -33.3236 -35.3227 -7.5 -33.3236 
3 16 -36.9097 -5 -35.1149 -36.0074 -7.5 -34.3156 -36.9097 -7.5 -35.1149 
3 16 -36.9097 -5 -35.1149 -36.0074 -5 -34.3156 -36.0074 -7.5 -34.3156 
3 16 -37.977 -5 -35.6751 -36.9097 -7.5 -35.1149 -37.977 -7.5 -35.6751 
3 16 -37.977 -5 -35.6751 -36.9097 -5 -35.1149 -36.9097 -7.5 -35.1149 
3 16 -39.1473 -5 -35.9635 -37.977 -7.5 -35.6751 -39.1473 -7.5 -35.9635 
3 16 -39.1473 -5 -35.9635 -37.977 -5 -35.6751 -37.977 -7.5 -35.6751 
3 16 -40.3527 -5 -35.9635 -39.1473 -7.5 -35.9635 -40.3527 -7.5 -35.9635 
3 16 -40.3527 -5 -35.9635 -39.1473 -5 -35.9635 -39.1473 -7.5 -35.9635 
3 16 -41.523 -5 -35.6751 -40.3527 -7.5 -35.9635 -41.523 -7.5 -35.6751 
3 16 -41.523 -5 -35.6751 -40.3527 -5 -35.9635 -40.3527 -7.5 -35.9635 
3 16 -42.5903 -5 -35.1149 -41.523 -7.5 -35.6751 -42.5903 -7.5 -35.1149 
3 16 -42.5903 -5 -35.1149 -41.523 -5 -35.6751 -41.523 -7.5 -35.6751 
3 16 -43.4926 -5 -34.3156 -42.5903 -7.5 -35.1149 -43.4926 -7.5 -34.3156 
3 16 -43.4926 -5 -34.3156 -42.5903 -5 -35.1149 -42.5903 -7.5 -35.1149 
3 16 -44.1773 -5 -33.3236 -43.4926 -5 -34.3156 -43.4926 -7.5 -34.3156 
3 16 -44.1773 -5 -33.3236 -43.4926 -7.5 -34.3156 -44.1773 -7.5 -33.3236 
3 16 -44.6047 -5 -32.1966 -44.1773 -5 -33.3236 -44.1773 -7.5 -33.3236 
3 16 -44.6047 -5 -32.1966 -44.1773 -7.5 -33.3236 -44.6047 -7.5 -32.1966 
3 16 -44.75 -5 -31 -44.6047 -5 -32.1966 -44.6047 -7.5 -32.1966 
3 16 -44.75 -5 -31 -44.6047 -7.5 -32.1966 -44.75 -7.5 -31 
3 16 -44.6047 -5 -29.8034 -44.75 -5 -31 -44.75 -7.5 -31 
3 16 -44.6047 -5 -29.8034 -44.75 -7.5 -31 -44.6047 -7.5 -29.8034 
3 16 -44.1773 -5 -28.6764 -44.6047 -5 -29.8034 -44.6047 -7.5 -29.8034 
3 16 -44.1773 -5 -28.6764 -44.6047 -7.5 -29.8034 -44.1773 -7.5 -28.6764 
3 16 -43.4926 -5 -27.6844 -44.1773 -5 -28.6764 -44.1773 -7.5 -28.6764 
3 16 -43.4926 -5 -27.6844 -44.1773 -7.5 -28.6764 -43.4926 -7.5 -27.6844 
3 16 -42.5903 -5 -26.8851 -43.4926 -5 -27.6844 -43.4926 -7.5 -27.6844 
3 16 -42.5903 -5 -26.8851 -42.5903 -7.5 -26.8851 -41.523 -7.5 -26.3249 
3 16 -42.5903 -5 -26.8851 -43.4926 -7.5 -27.6844 -42.5903 -7.5 -26.8851 
3 16 -41.523 -5 -26.3249 -42.5903 -5 -26.8851 -41.523 -7.5 -26.3249 
3 16 -40.3527 -5 -26.0365 -41.523 -5 -26.3249 -41.523 -7.5 -26.3249 
3 16 -40.3527 -5 -26.0365 -41.523 -7.5 -26.3249 -40.3527 -7.5 -26.0365 
3 16 -39.1473 -5 -26.0365 -39.1473 -7.5 -26.0365 -37.977 -7.5 -26.3249 
3 16 -39.1473 -5 -26.0365 -40.3527 -7.5 -26.0365 -39.1473 -7.5 -26.0365 
3 16 -39.1473 -5 -26.0365 -40.3527 -5 -26.0365 -40.3527 -7.5 -26.0365 
3 16 -37.977 -5 -26.3249 -39.1473 -5 -26.0365 -37.977 -7.5 -26.3249 
3 16 -36.9097 -5 -26.8851 -37.977 -7.5 -26.3249 -36.9097 -7.5 -26.8851 
3 16 -36.9097 -5 -26.8851 -37.977 -5 -26.3249 -37.977 -7.5 -26.3249 
3 16 -36.0074 -5 -27.6844 -36.0074 -7.5 -27.6844 -35.3227 -7.5 -28.6764 
3 16 -36.0074 -5 -27.6844 -36.9097 -7.5 -26.8851 -36.0074 -7.5 -27.6844 
3 16 -36.0074 -5 -27.6844 -36.9097 -5 -26.8851 -36.9097 -7.5 -26.8851 
3 16 -35.3227 -5 -28.6764 -36.0074 -5 -27.6844 -35.3227 -7.5 -28.6764 
3 16 -34.8953 -5 -29.8034 -35.3227 -7.5 -28.6764 -34.8953 -7.5 -29.8034 
3 16 -34.8953 -5 -29.8034 -35.3227 -5 -28.6764 -35.3227 -7.5 -28.6764 
3 16 -34.75 -5 -31 -34.8953 -7.5 -29.8034 -34.75 -7.5 -31 
3 16 -34.75 -5 -31 -34.8953 -5 -29.8034 -34.8953 -7.5 -29.8034 
3 16 -40.5625 -5 -33.5 -43.4926 -5 -34.3156 -42.5903 -5 -35.1149 
3 16 -40.5625 -5 -33.5 -42.5903 -5 -35.1149 -41.523 -5 -35.6751 
3 16 -40.5625 -5 -33.5 -41.523 -5 -35.6751 -40.3527 -5 -35.9635 
3 16 -40.5625 -5 -33.5 -40.3527 -5 -35.9635 -39.1473 -5 -35.9635 
3 16 -42.25 -5 -31.8125 -44.75 -5 -31 -44.6047 -5 -32.1966 
3 16 -42.25 -5 -31.8125 -44.6047 -5 -32.1966 -44.1773 -5 -33.3236 
3 16 -42.25 -5 -31.8125 -44.1773 -5 -33.3236 -43.4926 -5 -34.3156 
3 16 -42.25 -5 -31.8125 -43.4926 -5 -34.3156 -40.5625 -5 -33.5 
3 16 -38.9375 -5 -33.5 -39.1473 -5 -35.9635 -37.977 -5 -35.6751 
3 16 -38.9375 -5 -33.5 -40.5625 -5 -33.5 -39.1473 -5 -35.9635 
3 16 -42.25 -5 -30.1875 -44.1773 -5 -28.6764 -44.6047 -5 -29.8034 
3 16 -42.25 -5 -30.1875 -44.6047 -5 -29.8034 -44.75 -5 -31 
3 16 -42.25 -5 -30.1875 -44.75 -5 -31 -42.25 -5 -31.8125 
3 16 -40.5625 -5 -31.8125 -42.25 -5 -31.8125 -40.5625 -5 -33.5 
3 16 -36.9097 -5 -35.1149 -38.9375 -5 -33.5 -37.977 -5 -35.6751 
3 16 -43.4926 -5 -27.6844 -44.1773 -5 -28.6764 -42.25 -5 -30.1875 
3 16 -36.0074 -5 -34.3156 -38.9375 -5 -33.5 -36.9097 -5 -35.1149 
3 16 -40.5625 -5 -28.5 -42.5903 -5 -26.8851 -43.4926 -5 -27.6844 
3 16 -40.5625 -5 -28.5 -42.25 -5 -30.1875 -40.5625 -5 -30.1875 
3 16 -40.5625 -5 -28.5 -43.4926 -5 -27.6844 -42.25 -5 -30.1875 
3 16 -37.25 -5 -31.8125 -38.9375 -5 -31.8125 -38.9375 -5 -33.5 
3 16 -37.25 -5 -31.8125 -38.9375 -5 -33.5 -36.0074 -5 -34.3156 
3 16 -35.3227 -5 -33.3236 -37.25 -5 -31.8125 -36.0074 -5 -34.3156 
3 16 -41.523 -5 -26.3249 -42.5903 -5 -26.8851 -40.5625 -5 -28.5 
3 16 -38.9375 -5 -28.5 -38.9375 -5 -30.1875 -37.25 -5 -30.1875 
3 16 -34.8953 -5 -32.1966 -37.25 -5 -31.8125 -35.3227 -5 -33.3236 
3 16 -40.3527 -5 -26.0365 -41.523 -5 -26.3249 -40.5625 -5 -28.5 
3 16 -34.75 -5 -31 -37.25 -5 -30.1875 -37.25 -5 -31.8125 
3 16 -34.75 -5 -31 -37.25 -5 -31.8125 -34.8953 -5 -32.1966 
3 16 -39.1473 -5 -26.0365 -40.5625 -5 -28.5 -38.9375 -5 -28.5 
3 16 -39.1473 -5 -26.0365 -40.3527 -5 -26.0365 -40.5625 -5 -28.5 
3 16 -34.8953 -5 -29.8034 -37.25 -5 -30.1875 -34.75 -5 -31 
3 16 -37.977 -5 -26.3249 -39.1473 -5 -26.0365 -38.9375 -5 -28.5 
3 16 -35.3227 -5 -28.6764 -37.25 -5 -30.1875 -34.8953 -5 -29.8034 
3 16 -36.9097 -5 -26.8851 -37.977 -5 -26.3249 -38.9375 -5 -28.5 
3 16 -36.0074 -5 -27.6844 -37.25 -5 -30.1875 -35.3227 -5 -28.6764 
3 16 -36.0074 -5 -27.6844 -36.9097 -5 -26.8851 -38.9375 -5 -28.5 
3 16 -36.0074 -5 -27.6844 -38.9375 -5 -28.5 -37.25 -5 -30.1875 
3 16 -39.1473 -7.5 -35.9635 -41.523 -7.5 -35.6751 -40.3527 -7.5 -35.9635 
3 16 -43.4926 -7.5 -27.6844 -44.1773 -7.5 -28.6764 -44.6047 -7.5 -29.8034 
3 16 -35.3227 -7.5 -33.3236 -39.1473 -7.5 -35.9635 -37.977 -7.5 -35.6751 
3 16 -35.3227 -7.5 -33.3236 -37.977 -7.5 -35.6751 -36.9097 -7.5 -35.1149 
3 16 -35.3227 -7.5 -33.3236 -36.9097 -7.5 -35.1149 -36.0074 -7.5 -34.3156 
3 16 -41.523 -7.5 -26.3249 -42.5903 -7.5 -26.8851 -43.4926 -7.5 -27.6844 
3 16 -39.1473 -7.5 -26.0365 -40.3527 -7.5 -26.0365 -41.523 -7.5 -26.3249 
3 16 -35.3227 -7.5 -28.6764 -34.75 -7.5 -31 -34.8953 -7.5 -29.8034 
3 16 -36.9097 -7.5 -26.8851 -37.977 -7.5 -26.3249 -39.1473 -7.5 -26.0365 
3 16 -36.9097 -7.5 -26.8851 -41.523 -7.5 -26.3249 -43.4926 -7.5 -27.6844 
3 16 -36.9097 -7.5 -26.8851 -39.1473 -7.5 -26.0365 -41.523 -7.5 -26.3249 
3 16 -36.0074 -7.5 -27.6844 -44.6047 -7.5 -29.8034 -44.75 -7.5 -31 
3 16 -36.0074 -7.5 -27.6844 -44.75 -7.5 -31 -44.6047 -7.5 -32.1966 
3 16 -36.0074 -7.5 -27.6844 -44.6047 -7.5 -32.1966 -44.1773 -7.5 -33.3236 
3 16 -36.0074 -7.5 -27.6844 -44.1773 -7.5 -33.3236 -43.4926 -7.5 -34.3156 
3 16 -36.0074 -7.5 -27.6844 -43.4926 -7.5 -34.3156 -42.5903 -7.5 -35.1149 
3 16 -36.0074 -7.5 -27.6844 -42.5903 -7.5 -35.1149 -41.523 -7.5 -35.6751 
3 16 -36.0074 -7.5 -27.6844 -35.3227 -7.5 -33.3236 -34.8953 -7.5 -32.1966 
3 16 -36.0074 -7.5 -27.6844 -34.8953 -7.5 -32.1966 -34.75 -7.5 -31 
3 16 -36.0074 -7.5 -27.6844 -41.523 -7.5 -35.6751 -39.1473 -7.5 -35.9635 
3 16 -36.0074 -7.5 -27.6844 -39.1473 -7.5 -35.9635 -35.3227 -7.5 -33.3236 
3 16 -36.0074 -7.5 -27.6844 -43.4926 -7.5 -27.6844 -44.6047 -7.5 -29.8034 
3 16 -36.0074 -7.5 -27.6844 -34.75 -7.5 -31 -35.3227 -7.5 -28.6764 
3 16 -36.0074 -7.5 -27.6844 -36.9097 -7.5 -26.8851 -43.4926 -7.5 -27.6844 
3 16 -40.5625 -5 -28.5 -38.9375 -5 -28.5 -38.9375 -7 -28.5 
3 16 -40.5625 -5 -28.5 -38.9375 -7 -28.5 -40.5625 -7 -28.5 
3 16 -40.5625 -5 -30.1875 -40.5625 -5 -28.5 -40.5625 -7 -28.5 
3 16 -40.5625 -5 -30.1875 -40.5625 -7 -28.5 -40.5625 -7 -30.1875 
3 16 -42.25 -5 -30.1875 -40.5625 -5 -30.1875 -40.5625 -7 -30.1875 
3 16 -42.25 -5 -30.1875 -40.5625 -7 -30.1875 -42.25 -7 -30.1875 
3 16 -42.25 -5 -31.8125 -42.25 -5 -30.1875 -42.25 -7 -30.1875 
3 16 -42.25 -5 -31.8125 -42.25 -7 -30.1875 -42.25 -7 -31.8125 
3 16 -40.5625 -5 -31.8125 -42.25 -5 -31.8125 -42.25 -7 -31.8125 
3 16 -40.5625 -5 -31.8125 -42.25 -7 -31.8125 -40.5625 -7 -31.8125 
3 16 -40.5625 -5 -33.5 -40.5625 -5 -31.8125 -40.5625 -7 -31.8125 
3 16 -40.5625 -5 -33.5 -40.5625 -7 -31.8125 -40.5625 -7 -33.5 
3 16 -38.9375 -5 -33.5 -40.5625 -5 -33.5 -40.5625 -7 -33.5 
3 16 -38.9375 -5 -33.5 -40.5625 -7 -33.5 -38.9375 -7 -33.5 
3 16 -38.9375 -5 -31.8125 -38.9375 -5 -33.5 -38.9375 -7 -33.5 
3 16 -38.9375 -5 -31.8125 -38.9375 -7 -33.5 -38.9375 -7 -31.8125 
3 16 -37.25 -5 -31.8125 -38.9375 -5 -31.8125 -38.9375 -7 -31.8125 
3 16 -37.25 -5 -31.8125 -38.9375 -7 -31.8125 -37.25 -7 -31.8125 
3 16 -37.25 -5 -30.1875 -37.25 -5 -31.8125 -37.25 -7 -31.8125 
3 16 -37.25 -5 -30.1875 -37.25 -7 -31.8125 -37.25 -7 -30.1875 
3 16 -38.9375 -5 -30.1875 -37.25 -5 -30.1875 -37.25 -7 -30.1875 
3 16 -38.9375 -5 -30.1875 -37.25 -7 -30.1875 -38.9375 -7 -30.1875 
3 16 -38.9375 -5 -28.5 -38.9375 -5 -30.1875 -38.9375 -7 -30.1875 
3 16 -38.9375 -5 -28.5 -38.9375 -7 -30.1875 -38.9375 -7 -28.5 
3 16 -40.5625 -7 -30.1875 -42.25 -7 -30.1875 -42.25 -7 -31.8125 
3 16 -40.5625 -7 -30.1875 -42.25 -7 -31.8125 -40.5625 -7 -31.8125 
3 16 -38.9375 -7 -31.8125 -40.5625 -7 -31.8125 -40.5625 -7 -33.5 
3 16 -38.9375 -7 -31.8125 -40.5625 -7 -33.5 -38.9375 -7 -33.5 
3 16 -38.9375 -7 -30.1875 -40.5625 -7 -31.8125 -38.9375 -7 -31.8125 
3 16 -38.9375 -7 -30.1875 -40.5625 -7 -30.1875 -40.5625 -7 -31.8125 
3 16 -38.9375 -7 -28.5 -40.5625 -7 -28.5 -40.5625 -7 -30.1875 
3 16 -38.9375 -7 -28.5 -40.5625 -7 -30.1875 -38.9375 -7 -30.1875 
3 16 -37.25 -7 -30.1875 -38.9375 -7 -31.8125 -37.25 -7 -31.8125 
3 16 -37.25 -7 -30.1875 -38.9375 -7 -30.1875 -38.9375 -7 -31.8125 
3 16 -34.8953 -5 29.8034 -34.75 -5 31 -34.75 -7.5 31 
3 16 -34.8953 -5 29.8034 -34.75 -7.5 31 -34.8953 -7.5 29.8034 
3 16 -35.3227 -5 28.6764 -34.8953 -7.5 29.8034 -35.3227 -7.5 28.6764 
3 16 -35.3227 -5 28.6764 -34.8953 -5 29.8034 -34.8953 -7.5 29.8034 
3 16 -36.0074 -5 27.6844 -35.3227 -7.5 28.6764 -36.0074 -7.5 27.6844 
3 16 -36.0074 -5 27.6844 -35.3227 -5 28.6764 -35.3227 -7.5 28.6764 
3 16 -36.9097 -5 26.8851 -36.0074 -7.5 27.6844 -36.9097 -7.5 26.8851 
3 16 -36.9097 -5 26.8851 -36.0074 -5 27.6844 -36.0074 -7.5 27.6844 
3 16 -37.977 -5 26.3249 -36.9097 -7.5 26.8851 -37.977 -7.5 26.3249 
3 16 -37.977 -5 26.3249 -36.9097 -5 26.8851 -36.9097 -7.5 26.8851 
3 16 -39.1473 -5 26.0365 -37.977 -7.5 26.3249 -39.1473 -7.5 26.0365 
3 16 -39.1473 -5 26.0365 -37.977 -5 26.3249 -37.977 -7.5 26.3249 
3 16 -40.3527 -5 26.0365 -39.1473 -7.5 26.0365 -40.3527 -7.5 26.0365 
3 16 -40.3527 -5 26.0365 -39.1473 -5 26.0365 -39.1473 -7.5 26.0365 
3 16 -41.523 -5 26.3249 -40.3527 -7.5 26.0365 -41.523 -7.5 26.3249 
3 16 -41.523 -5 26.3249 -40.3527 -5 26.0365 -40.3527 -7.5 26.0365 
3 16 -42.5903 -5 26.8851 -41.523 -7.5 26.3249 -42.5903 -7.5 26.8851 
3 16 -42.5903 -5 26.8851 -41.523 -5 26.3249 -41.523 -7.5 26.3249 
3 16 -43.4926 -5 27.6844 -42.5903 -7.5 26.8851 -43.4926 -7.5 27.6844 
3 16 -43.4926 -5 27.6844 -42.5903 -5 26.8851 -42.5903 -7.5 26.8851 
3 16 -44.1773 -5 28.6764 -43.4926 -5 27.6844 -43.4926 -7.5 27.6844 
3 16 -44.1773 -5 28.6764 -43.4926 -7.5 27.6844 -44.1773 -7.5 28.6764 
3 16 -44.6047 -5 29.8034 -44.1773 -5 28.6764 -44.1773 -7.5 28.6764 
3 16 -44.6047 -5 29.8034 -44.1773 -7.5 28.6764 -44.6047 -7.5 29.8034 
3 16 -44.75 -5 31 -44.6047 -5 29.8034 -44.6047 -7.5 29.8034 
3 16 -44.75 -5 31 -44.6047 -7.5 29.8034 -44.75 -7.5 31 
3 16 -44.6047 -5 32.1966 -44.75 -5 31 -44.75 -7.5 31 
3 16 -44.6047 -5 32.1966 -44.75 -7.5 31 -44.6047 -7.5 32.1966 
3 16 -44.1773 -5 33.3236 -44.6047 -5 32.1966 -44.6047 -7.5 32.1966 
3 16 -44.1773 -5 33.3236 -44.6047 -7.5 32.1966 -44.1773 -7.5 33.3236 
3 16 -43.4926 -5 34.3156 -44.1773 -5 33.3236 -44.1773 -7.5 33.3236 
3 16 -43.4926 -5 34.3156 -44.1773 -7.5 33.3236 -43.4926 -7.5 34.3156 
3 16 -42.5903 -5 35.1149 -43.4926 -5 34.3156 -43.4926 -7.5 34.3156 
3 16 -42.5903 -5 35.1149 -42.5903 -7.5 35.1149 -41.523 -7.5 35.6751 
3 16 -42.5903 -5 35.1149 -43.4926 -7.5 34.3156 -42.5903 -7.5 35.1149 
3 16 -41.523 -5 35.6751 -42.5903 -5 35.1149 -41.523 -7.5 35.6751 
3 16 -40.3527 -5 35.9635 -41.523 -5 35.6751 -41.523 -7.5 35.6751 
3 16 -40.3527 -5 35.9635 -41.523 -7.5 35.6751 -40.3527 -7.5 35.9635 
3 16 -39.1473 -5 35.9635 -39.1473 -7.5 35.9635 -37.977 -7.5 35.6751 
3 16 -39.1473 -5 35.9635 -40.3527 -7.5 35.9635 -39.1473 -7.5 35.9635 
3 16 -39.1473 -5 35.9635 -40.3527 -5 35.9635 -40.3527 -7.5 35.9635 
3 16 -37.977 -5 35.6751 -39.1473 -5 35.9635 -37.977 -7.5 35.6751 
3 16 -36.9097 -5 35.1149 -37.977 -7.5 35.6751 -36.9097 -7.5 35.1149 
3 16 -36.9097 -5 35.1149 -37.977 -5 35.6751 -37.977 -7.5 35.6751 
3 16 -36.0074 -5 34.3156 -36.0074 -7.5 34.3156 -35.3227 -7.5 33.3236 
3 16 -36.0074 -5 34.3156 -36.9097 -7.5 35.1149 -36.0074 -7.5 34.3156 
3 16 -36.0074 -5 34.3156 -36.9097 -5 35.1149 -36.9097 -7.5 35.1149 
3 16 -35.3227 -5 33.3236 -36.0074 -5 34.3156 -35.3227 -7.5 33.3236 
3 16 -34.8953 -5 32.1966 -35.3227 -7.5 33.3236 -34.8953 -7.5 32.1966 
3 16 -34.8953 -5 32.1966 -35.3227 -5 33.3236 -35.3227 -7.5 33.3236 
3 16 -34.75 -5 31 -34.8953 -7.5 32.1966 -34.75 -7.5 31 
3 16 -34.75 -5 31 -34.8953 -5 32.1966 -34.8953 -7.5 32.1966 
3 16 -40.5625 -5 28.5 -43.4926 -5 27.6844 -42.5903 -5 26.8851 
3 16 -40.5625 -5 28.5 -42.5903 -5 26.8851 -41.523 -5 26.3249 
3 16 -40.5625 -5 28.5 -41.523 -5 26.3249 -40.3527 -5 26.0365 
3 16 -40.5625 -5 28.5 -40.3527 -5 26.0365 -39.1473 -5 26.0365 
3 16 -42.25 -5 30.1875 -44.75 -5 31 -44.6047 -5 29.8034 
3 16 -42.25 -5 30.1875 -44.6047 -5 29.8034 -44.1773 -5 28.6764 
3 16 -42.25 -5 30.1875 -44.1773 -5 28.6764 -43.4926 -5 27.6844 
3 16 -42.25 -5 30.1875 -43.4926 -5 27.6844 -40.5625 -5 28.5 
3 16 -42.25 -5 31.8125 -44.1773 -5 33.3236 -44.6047 -5 32.1966 
3 16 -42.25 -5 31.8125 -44.6047 -5 32.1966 -44.75 -5 31 
3 16 -42.25 -5 31.8125 -44.75 -5 31 -42.25 -5 30.1875 
3 16 -38.9375 -5 28.5 -39.1473 -5 26.0365 -37.977 -5 26.3249 
3 16 -38.9375 -5 28.5 -40.5625 -5 28.5 -39.1473 -5 26.0365 
3 16 -40.5625 -5 30.1875 -42.25 -5 30.1875 -40.5625 -5 28.5 
3 16 -36.9097 -5 26.8851 -38.9375 -5 28.5 -37.977 -5 26.3249 
3 16 -43.4926 -5 34.3156 -44.1773 -5 33.3236 -42.25 -5 31.8125 
3 16 -36.0074 -5 27.6844 -38.9375 -5 28.5 -36.9097 -5 26.8851 
3 16 -37.25 -5 30.1875 -38.9375 -5 30.1875 -38.9375 -5 28.5 
3 16 -37.25 -5 30.1875 -38.9375 -5 28.5 -36.0074 -5 27.6844 
3 16 -40.5625 -5 33.5 -42.5903 -5 35.1149 -43.4926 -5 34.3156 
3 16 -40.5625 -5 33.5 -42.25 -5 31.8125 -40.5625 -5 31.8125 
3 16 -40.5625 -5 33.5 -43.4926 -5 34.3156 -42.25 -5 31.8125 
3 16 -35.3227 -5 28.6764 -37.25 -5 30.1875 -36.0074 -5 27.6844 
3 16 -41.523 -5 35.6751 -42.5903 -5 35.1149 -40.5625 -5 33.5 
3 16 -38.9375 -5 33.5 -38.9375 -5 31.8125 -37.25 -5 31.8125 
3 16 -34.8953 -5 29.8034 -37.25 -5 30.1875 -35.3227 -5 28.6764 
3 16 -40.3527 -5 35.9635 -41.523 -5 35.6751 -40.5625 -5 33.5 
3 16 -34.75 -5 31 -37.25 -5 31.8125 -37.25 -5 30.1875 
3 16 -34.75 -5 31 -37.25 -5 30.1875 -34.8953 -5 29.8034 
3 16 -39.1473 -5 35.9635 -40.5625 -5 33.5 -38.9375 -5 33.5 
3 16 -39.1473 -5 35.9635 -40.3527 -5 35.9635 -40.5625 -5 33.5 
3 16 -34.8953 -5 32.1966 -37.25 -5 31.8125 -34.75 -5 31 
3 16 -37.977 -5 35.6751 -39.1473 -5 35.9635 -38.9375 -5 33.5 
3 16 -35.3227 -5 33.3236 -37.25 -5 31.8125 -34.8953 -5 32.1966 
3 16 -36.9097 -5 35.1149 -37.977 -5 35.6751 -38.9375 -5 33.5 
3 16 -36.0074 -5 34.3156 -37.25 -5 31.8125 -35.3227 -5 33.3236 
3 16 -36.0074 -5 34.3156 -36.9097 -5 35.1149 -38.9375 -5 33.5 
3 16 -36.0074 -5 34.3156 -38.9375 -5 33.5 -37.25 -5 31.8125 
3 16 -39.1473 -7.5 26.0365 -41.523 -7.5 26.3249 -40.3527 -7.5 26.0365 
3 16 -43.4926 -7.5 34.3156 -44.1773 -7.5 33.3236 -44.6047 -7.5 32.1966 
3 16 -35.3227 -7.5 28.6764 -39.1473 -7.5 26.0365 -37.977 -7.5 26.3249 
3 16 -35.3227 -7.5 28.6764 -37.977 -7.5 26.3249 -36.9097 -7.5 26.8851 
3 16 -35.3227 -7.5 28.6764 -36.9097 -7.5 26.8851 -36.0074 -7.5 27.6844 
3 16 -41.523 -7.5 35.6751 -42.5903 -7.5 35.1149 -43.4926 -7.5 34.3156 
3 16 -39.1473 -7.5 35.9635 -40.3527 -7.5 35.9635 -41.523 -7.5 35.6751 
3 16 -35.3227 -7.5 33.3236 -34.75 -7.5 31 -34.8953 -7.5 32.1966 
3 16 -36.9097 -7.5 35.1149 -37.977 -7.5 35.6751 -39.1473 -7.5 35.9635 
3 16 -36.9097 -7.5 35.1149 -41.523 -7.5 35.6751 -43.4926 -7.5 34.3156 
3 16 -36.9097 -7.5 35.1149 -39.1473 -7.5 35.9635 -41.523 -7.5 35.6751 
3 16 -36.0074 -7.5 34.3156 -44.6047 -7.5 32.1966 -44.75 -7.5 31 
3 16 -36.0074 -7.5 34.3156 -44.75 -7.5 31 -44.6047 -7.5 29.8034 
3 16 -36.0074 -7.5 34.3156 -44.6047 -7.5 29.8034 -44.1773 -7.5 28.6764 
3 16 -36.0074 -7.5 34.3156 -44.1773 -7.5 28.6764 -43.4926 -7.5 27.6844 
3 16 -36.0074 -7.5 34.3156 -43.4926 -7.5 27.6844 -42.5903 -7.5 26.8851 
3 16 -36.0074 -7.5 34.3156 -42.5903 -7.5 26.8851 -41.523 -7.5 26.3249 
3 16 -36.0074 -7.5 34.3156 -35.3227 -7.5 28.6764 -34.8953 -7.5 29.8034 
3 16 -36.0074 -7.5 34.3156 -34.8953 -7.5 29.8034 -34.75 -7.5 31 
3 16 -36.0074 -7.5 34.3156 -41.523 -7.5 26.3249 -39.1473 -7.5 26.0365 
3 16 -36.0074 -7.5 34.3156 -39.1473 -7.5 26.0365 -35.3227 -7.5 28.6764 
3 16 -36.0074 -7.5 34.3156 -43.4926 -7.5 34.3156 -44.6047 -7.5 32.1966 
3 16 -36.0074 -7.5 34.3156 -34.75 -7.5 31 -35.3227 -7.5 33.3236 
3 16 -36.0074 -7.5 34.3156 -36.9097 -7.5 35.1149 -43.4926 -7.5 34.3156 
3 16 -40.5625 -5 33.5 -38.9375 -5 33.5 -38.9375 -7 33.5 
3 16 -40.5625 -5 33.5 -38.9375 -7 33.5 -40.5625 -7 33.5 
3 16 -40.5625 -5 31.8125 -40.5625 -5 33.5 -40.5625 -7 33.5 
3 16 -40.5625 -5 31.8125 -40.5625 -7 33.5 -40.5625 -7 31.8125 
3 16 -42.25 -5 31.8125 -40.5625 -5 31.8125 -40.5625 -7 31.8125 
3 16 -42.25 -5 31.8125 -40.5625 -7 31.8125 -42.25 -7 31.8125 
3 16 -42.25 -5 30.1875 -42.25 -5 31.8125 -42.25 -7 31.8125 
3 16 -42.25 -5 30.1875 -42.25 -7 31.8125 -42.25 -7 30.1875 
3 16 -40.5625 -5 30.1875 -42.25 -5 30.1875 -42.25 -7 30.1875 
3 16 -40.5625 -5 30.1875 -42.25 -7 30.1875 -40.5625 -7 30.1875 
3 16 -40.5625 -5 28.5 -40.5625 -5 30.1875 -40.5625 -7 30.1875 
3 16 -40.5625 -5 28.5 -40.5625 -7 30.1875 -40.5625 -7 28.5 
3 16 -38.9375 -5 28.5 -40.5625 -5 28.5 -40.5625 -7 28.5 
3 16 -38.9375 -5 28.5 -40.5625 -7 28.5 -38.9375 -7 28.5 
3 16 -38.9375 -5 30.1875 -38.9375 -5 28.5 -38.9375 -7 28.5 
3 16 -38.9375 -5 30.1875 -38.9375 -7 28.5 -38.9375 -7 30.1875 
3 16 -37.25 -5 30.1875 -38.9375 -5 30.1875 -38.9375 -7 30.1875 
3 16 -37.25 -5 30.1875 -38.9375 -7 30.1875 -37.25 -7 30.1875 
3 16 -37.25 -5 31.8125 -37.25 -5 30.1875 -37.25 -7 30.1875 
3 16 -37.25 -5 31.8125 -37.25 -7 30.1875 -37.25 -7 31.8125 
3 16 -38.9375 -5 31.8125 -37.25 -5 31.8125 -37.25 -7 31.8125 
3 16 -38.9375 -5 31.8125 -37.25 -7 31.8125 -38.9375 -7 31.8125 
3 16 -38.9375 -5 33.5 -38.9375 -5 31.8125 -38.9375 -7 31.8125 
3 16 -38.9375 -5 33.5 -38.9375 -7 31.8125 -38.9375 -7 33.5 
3 16 -40.5625 -7 31.8125 -42.25 -7 31.8125 -42.25 -7 30.1875 
3 16 -40.5625 -7 31.8125 -42.25 -7 30.1875 -40.5625 -7 30.1875 
3 16 -38.9375 -7 30.1875 -40.5625 -7 30.1875 -40.5625 -7 28.5 
3 16 -38.9375 -7 30.1875 -40.5625 -7 28.5 -38.9375 -7 28.5 
3 16 -38.9375 -7 31.8125 -40.5625 -7 31.8125 -40.5625 -7 30.1875 
3 16 -38.9375 -7 31.8125 -40.5625 -7 30.1875 -38.9375 -7 30.1875 
3 16 -37.25 -7 31.8125 -38.9375 -7 30.1875 -37.25 -7 30.1875 
3 16 -37.25 -7 31.8125 -38.9375 -7 31.8125 -38.9375 -7 30.1875 
3 16 -38.9375 -7 33.5 -40.5625 -7 33.5 -40.5625 -7 31.8125 
3 16 -38.9375 -7 33.5 -40.5625 -7 31.8125 -38.9375 -7 31.8125 
2 24 44.75 -5 -31 44.5796 -5 -29.7059 
2 24 44.5796 -5 -29.7059 44.0801 -5 -28.5 
2 24 44.0801 -5 -28.5 43.2855 -5 -27.4645 
2 24 43.2855 -5 -27.4645 42.25 -5 -26.6699 
2 24 42.25 -5 -26.6699 41.0441 -5 -26.1704 
2 24 41.0441 -5 -26.1704 39.75 -5 -26 
2 24 39.75 -5 -26 38.4559 -5 -26.1704 
2 24 38.4559 -5 -26.1704 37.25 -5 -26.6699 
2 24 37.25 -5 -26.6699 36.2145 -5 -27.4645 
2 24 36.2145 -5 -27.4645 35.4199 -5 -28.5 
2 24 35.4199 -5 -28.5 34.9204 -5 -29.7059 
2 24 34.9204 -5 -29.7059 34.75 -5 -31 
2 24 34.75 -5 -31 34.9204 -5 -32.2941 
2 24 34.9204 -5 -32.2941 35.4199 -5 -33.5 
2 24 35.4199 -5 -33.5 36.2145 -5 -34.5355 
2 24 36.2145 -5 -34.5355 37.25 -5 -35.3301 
2 24 37.25 -5 -35.3301 38.4559 -5 -35.8296 
2 24 38.4559 -5 -35.8296 39.75 -5 -36 
2 24 39.75 -5 -36 41.0441 -5 -35.8296 
2 24 41.0441 -5 -35.8296 42.25 -5 -35.3301 
2 24 42.25 -5 -35.3301 43.2855 -5 -34.5355 
2 24 43.2855 -5 -34.5355 44.0801 -5 -33.5 
2 24 44.0801 -5 -33.5 44.5796 -5 -32.2941 
2 24 44.5796 -5 -32.2941 44.75 -5 -31 
2 24 44.75 -5 -31 44.75 -7.5 -31 
2 24 44.75 -7.5 -31 44.5796 -7.5 -29.7059 
2 24 44.5796 -7.5 -29.7059 44.0801 -7.5 -28.5 
2 24 44.0801 -7.5 -28.5 43.2855 -7.5 -27.4645 
2 24 43.2855 -7.5 -27.4645 42.25 -7.5 -26.6699 
2 24 42.25 -7.5 -26.6699 41.0441 -7.5 -26.1704 
2 24 41.0441 -7.5 -26.1704 39.75 -7.5 -26 
2 24 39.75 -7.5 -26 38.4559 -7.5 -26.1704 
2 24 38.4559 -7.5 -26.1704 37.25 -7.5 -26.6699 
2 24 37.25 -7.5 -26.6699 36.2145 -7.5 -27.4645 
2 24 36.2145 -7.5 -27.4645 35.4199 -7.5 -28.5 
2 24 35.4199 -7.5 -28.5 34.9204 -7.5 -29.7059 
2 24 34.9204 -7.5 -29.7059 34.75 -7.5 -31 
2 24 34.75 -7.5 -31 34.9204 -7.5 -32.2941 
2 24 34.9204 -7.5 -32.2941 35.4199 -7.5 -33.5 
2 24 35.4199 -7.5 -33.5 36.2145 -7.5 -34.5355 
2 24 36.2145 -7.5 -34.5355 37.25 -7.5 -35.3301 
2 24 37.25 -7.5 -35.3301 38.4559 -7.5 -35.8296 
2 24 38.4559 -7.5 -35.8296 39.75 -7.5 -36 
2 24 39.75 -7.5 -36 41.0441 -7.5 -35.8296 
2 24 41.0441 -7.5 -35.8296 42.25 -7.5 -35.3301 
2 24 42.25 -7.5 -35.3301 43.2855 -7.5 -34.5355 
2 24 43.2855 -7.5 -34.5355 44.0801 -7.5 -33.5 
2 24 44.0801 -7.5 -33.5 44.5796 -7.5 -32.2941 
2 24 44.5796 -7.5 -32.2941 44.75 -7.5 -31 
2 24 40.5625 -5 -28.5 38.9375 -5 -28.5 
2 24 40.5625 -5 -30.1875 40.5625 -5 -28.5 
2 24 42.25 -5 -30.1875 40.5625 -5 -30.1875 
2 24 42.25 -5 -31.8125 42.25 -5 -30.1875 
2 24 40.5625 -5 -31.8125 42.25 -5 -31.8125 
2 24 40.5625 -5 -33.5 40.5625 -5 -31.8125 
2 24 38.9375 -5 -33.5 40.5625 -5 -33.5 
2 24 38.9375 -5 -31.8125 38.9375 -5 -33.5 
2 24 37.25 -5 -31.8125 38.9375 -5 -31.8125 
2 24 37.25 -5 -30.1875 37.25 -5 -31.8125 
2 24 38.9375 -5 -30.1875 37.25 -5 -30.1875 
2 24 38.9375 -5 -28.5 38.9375 -5 -30.1875 
2 24 40.5625 -5 -28.5 40.5625 -7 -28.5 
2 24 40.5625 -7 -28.5 38.9375 -7 -28.5 
2 24 38.9375 -5 -28.5 38.9375 -7 -28.5 
2 24 38.9375 -7 -28.5 38.9375 -7 -30.1875 
2 24 38.9375 -7 -30.1875 38.9375 -5 -30.1875 
2 24 38.9375 -7 -30.1875 37.25 -7 -30.1875 
2 24 37.25 -5 -30.1875 37.25 -7 -30.1875 
2 24 37.25 -7 -30.1875 37.25 -7 -31.8125 
2 24 37.25 -5 -31.8125 37.25 -7 -31.8125 
2 24 37.25 -7 -31.8125 38.9375 -7 -31.8125 
2 24 38.9375 -5 -31.8125 38.9375 -7 -31.8125 
2 24 38.9375 -7 -31.8125 38.9375 -7 -33.5 
2 24 38.9375 -5 -33.5 38.9375 -7 -33.5 
2 24 38.9375 -7 -33.5 40.5625 -7 -33.5 
2 24 40.5625 -5 -33.5 40.5625 -7 -33.5 
2 24 40.5625 -7 -33.5 40.5625 -7 -31.8125 
2 24 40.5625 -7 -31.8125 40.5625 -5 -31.8125 
2 24 40.5625 -7 -31.8125 42.25 -7 -31.8125 
2 24 42.25 -5 -31.8125 42.25 -7 -31.8125 
2 24 42.25 -7 -31.8125 42.25 -7 -30.1875 
2 24 42.25 -5 -30.1875 42.25 -7 -30.1875 
2 24 42.25 -7 -30.1875 40.5625 -7 -30.1875 
2 24 40.5625 -5 -30.1875 40.5625 -7 -30.1875 
2 24 40.5625 -7 -30.1875 40.5625 -7 -28.5 
2 24 44.75 -5 31 44.5796 -5 32.2941 
2 24 44.5796 -5 32.2941 44.0801 -5 33.5 
2 24 44.0801 -5 33.5 43.2855 -5 34.5355 
2 24 43.2855 -5 34.5355 42.25 -5 35.3301 
2 24 42.25 -5 35.3301 41.0441 -5 35.8296 
2 24 41.0441 -5 35.8296 39.75 -5 36 
2 24 39.75 -5 36 38.4559 -5 35.8296 
2 24 38.4559 -5 35.8296 37.25 -5 35.3301 
2 24 37.25 -5 35.3301 36.2145 -5 34.5355 
2 24 36.2145 -5 34.5355 35.4199 -5 33.5 
2 24 35.4199 -5 33.5 34.9204 -5 32.2941 
2 24 34.9204 -5 32.2941 34.75 -5 31 
2 24 34.75 -5 31 34.9204 -5 29.7059 
2 24 34.9204 -5 29.7059 35.4199 -5 28.5 
2 24 35.4199 -5 28.5 36.2145 -5 27.4645 
2 24 36.2145 -5 27.4645 37.25 -5 26.6699 
2 24 37.25 -5 26.6699 38.4559 -5 26.1704 
2 24 38.4559 -5 26.1704 39.75 -5 26 
2 24 39.75 -5 26 41.0441 -5 26.1704 
2 24 41.0441 -5 26.1704 42.25 -5 26.6699 
2 24 42.25 -5 26.6699 43.2855 -5 27.4645 
2 24 43.2855 -5 27.4645 44.0801 -5 28.5 
2 24 44.0801 -5 28.5 44.5796 -5 29.7059 
2 24 44.5796 -5 29.7059 44.75 -5 31 
2 24 44.75 -5 31 44.75 -7.5 31 
2 24 44.75 -7.5 31 44.5796 -7.5 32.2941 
2 24 44.5796 -7.5 32.2941 44.0801 -7.5 33.5 
2 24 44.0801 -7.5 33.5 43.2855 -7.5 34.5355 
2 24 43.2855 -7.5 34.5355 42.25 -7.5 35.3301 
2 24 42.25 -7.5 35.3301 41.0441 -7.5 35.8296 
2 24 41.0441 -7.5 35.8296 39.75 -7.5 36 
2 24 39.75 -7.5 36 38.4559 -7.5 35.8296 
2 24 38.4559 -7.5 35.8296 37.25 -7.5 35.3301 
2 24 37.25 -7.5 35.3301 36.2145 -7.5 34.5355 
2 24 36.2145 -7.5 34.5355 35.4199 -7.5 33.5 
2 24 35.4199 -7.5 33.5 34.9204 -7.5 32.2941 
2 24 34.9204 -7.5 32.2941 34.75 -7.5 31 
2 24 34.75 -7.5 31 34.9204 -7.5 29.7059 
2 24 34.9204 -7.5 29.7059 35.4199 -7.5 28.5 
2 24 35.4199 -7.5 28.5 36.2145 -7.5 27.4645 
2 24 36.2145 -7.5 27.4645 37.25 -7.5 26.6699 
2 24 37.25 -7.5 26.6699 38.4559 -7.5 26.1704 
2 24 38.4559 -7.5 26.1704 39.75 -7.5 26 
2 24 39.75 -7.5 26 41.0441 -7.5 26.1704 
2 24 41.0441 -7.5 26.1704 42.25 -7.5 26.6699 
2 24 42.25 -7.5 26.6699 43.2855 -7.5 27.4645 
2 24 43.2855 -7.5 27.4645 44.0801 -7.5 28.5 
2 24 44.0801 -7.5 28.5 44.5796 -7.5 29.7059 
2 24 44.5796 -7.5 29.7059 44.75 -7.5 31 
2 24 40.5625 -5 33.5 38.9375 -5 33.5 
2 24 40.5625 -5 31.8125 40.5625 -5 33.5 
2 24 42.25 -5 31.8125 40.5625 -5 31.8125 
2 24 42.25 -5 30.1875 42.25 -5 31.8125 
2 24 40.5625 -5 30.1875 42.25 -5 30.1875 
2 24 40.5625 -5 28.5 40.5625 -5 30.1875 
2 24 38.9375 -5 28.5 40.5625 -5 28.5 
2 24 38.9375 -5 30.1875 38.9375 -5 28.5 
2 24 37.25 -5 30.1875 38.9375 -5 30.1875 
2 24 37.25 -5 31.8125 37.25 -5 30.1875 
2 24 38.9375 -5 31.8125 37.25 -5 31.8125 
2 24 38.9375 -5 33.5 38.9375 -5 31.8125 
2 24 40.5625 -5 33.5 40.5625 -7 33.5 
2 24 40.5625 -7 33.5 38.9375 -7 33.5 
2 24 38.9375 -5 33.5 38.9375 -7 33.5 
2 24 38.9375 -7 33.5 38.9375 -7 31.8125 
2 24 38.9375 -7 31.8125 38.9375 -5 31.8125 
2 24 38.9375 -7 31.8125 37.25 -7 31.8125 
2 24 37.25 -5 31.8125 37.25 -7 31.8125 
2 24 37.25 -7 31.8125 37.25 -7 30.1875 
2 24 37.25 -5 30.1875 37.25 -7 30.1875 
2 24 37.25 -7 30.1875 38.9375 -7 30.1875 
2 24 38.9375 -5 30.1875 38.9375 -7 30.1875 
2 24 38.9375 -7 30.1875 38.9375 -7 28.5 
2 24 38.9375 -5 28.5 38.9375 -7 28.5 
2 24 38.9375 -7 28.5 40.5625 -7 28.5 
2 24 40.5625 -5 28.5 40.5625 -7 28.5 
2 24 40.5625 -7 28.5 40.5625 -7 30.1875 
2 24 40.5625 -7 30.1875 40.5625 -5 30.1875 
2 24 40.5625 -7 30.1875 42.25 -7 30.1875 
2 24 42.25 -5 30.1875 42.25 -7 30.1875 
2 24 42.25 -7 30.1875 42.25 -7 31.8125 
2 24 42.25 -5 31.8125 42.25 -7 31.8125 
2 24 42.25 -7 31.8125 40.5625 -7 31.8125 
2 24 40.5625 -5 31.8125 40.5625 -7 31.8125 
2 24 40.5625 -7 31.8125 40.5625 -7 33.5 
2 24 -34.75 -5 -31 -34.9204 -5 -29.7059 
2 24 -34.9204 -5 -29.7059 -35.4199 -5 -28.5 
2 24 -35.4199 -5 -28.5 -36.2145 -5 -27.4645 
2 24 -36.2145 -5 -27.4645 -37.25 -5 -26.6699 
2 24 -37.25 -5 -26.6699 -38.4559 -5 -26.1704 
2 24 -38.4559 -5 -26.1704 -39.75 -5 -26 
2 24 -39.75 -5 -26 -41.0441 -5 -26.1704 
2 24 -41.0441 -5 -26.1704 -42.25 -5 -26.6699 
2 24 -42.25 -5 -26.6699 -43.2855 -5 -27.4645 
2 24 -43.2855 -5 -27.4645 -44.0801 -5 -28.5 
2 24 -44.0801 -5 -28.5 -44.5796 -5 -29.7059 
2 24 -44.5796 -5 -29.7059 -44.75 -5 -31 
2 24 -44.75 -5 -31 -44.5796 -5 -32.2941 
2 24 -44.5796 -5 -32.2941 -44.0801 -5 -33.5 
2 24 -44.0801 -5 -33.5 -43.2855 -5 -34.5355 
2 24 -43.2855 -5 -34.5355 -42.25 -5 -35.3301 
2 24 -42.25 -5 -35.3301 -41.0441 -5 -35.8296 
2 24 -41.0441 -5 -35.8296 -39.75 -5 -36 
2 24 -39.75 -5 -36 -38.4559 -5 -35.8296 
2 24 -38.4559 -5 -35.8296 -37.25 -5 -35.3301 
2 24 -37.25 -5 -35.3301 -36.2145 -5 -34.5355 
2 24 -36.2145 -5 -34.5355 -35.4199 -5 -33.5 
2 24 -35.4199 -5 -33.5 -34.9204 -5 -32.2941 
2 24 -34.9204 -5 -32.2941 -34.75 -5 -31 
2 24 -34.75 -5 -31 -34.75 -7.5 -31 
2 24 -34.75 -7.5 -31 -34.9204 -7.5 -29.7059 
2 24 -34.9204 -7.5 -29.7059 -35.4199 -7.5 -28.5 
2 24 -35.4199 -7.5 -28.5 -36.2145 -7.5 -27.4645 
2 24 -36.2145 -7.5 -27.4645 -37.25 -7.5 -26.6699 
2 24 -37.25 -7.5 -26.6699 -38.4559 -7.5 -26.1704 
2 24 -38.4559 -7.5 -26.1704 -39.75 -7.5 -26 
2 24 -39.75 -7.5 -26 -41.0441 -7.5 -26.1704 
2 24 -41.0441 -7.5 -26.1704 -42.25 -7.5 -26.6699 
2 24 -42.25 -7.5 -26.6699 -43.2855 -7.5 -27.4645 
2 24 -43.2855 -7.5 -27.4645 -44.0801 -7.5 -28.5 
2 24 -44.0801 -7.5 -28.5 -44.5796 -7.5 -29.7059 
2 24 -44.5796 -7.5 -29.7059 -44.75 -7.5 -31 
2 24 -44.75 -7.5 -31 -44.5796 -7.5 -32.2941 
2 24 -44.5796 -7.5 -32.2941 -44.0801 -7.5 -33.5 
2 24 -44.0801 -7.5 -33.5 -43.2855 -7.5 -34.5355 
2 24 -43.2855 -7.5 -34.5355 -42.25 -7.5 -35.3301 
2 24 -42.25 -7.5 -35.3301 -41.0441 -7.5 -35.8296 
2 24 -41.0441 -7.5 -35.8296 -39.75 -7.5 -36 
2 24 -39.75 -7.5 -36 -38.4559 -7.5 -35.8296 
2 24 -38.4559 -7.5 -35.8296 -37.25 -7.5 -35.3301 
2 24 -37.25 -7.5 -35.3301 -36.2145 -7.5 -34.5355 
2 24 -36.2145 -7.5 -34.5355 -35.4199 -7.5 -33.5 
2 24 -35.4199 -7.5 -33.5 -34.9204 -7.5 -32.2941 
2 24 -34.9204 -7.5 -32.2941 -34.75 -7.5 -31 
2 24 -38.9375 -5 -28.5 -40.5625 -5 -28.5 
2 24 -38.9375 -5 -30.1875 -38.9375 -5 -28.5 
2 24 -37.25 -5 -30.1875 -38.9375 -5 -30.1875 
2 24 -37.25 -5 -31.8125 -37.25 -5 -30.1875 
2 24 -38.9375 -5 -31.8125 -37.25 -5 -31.8125 
2 24 -38.9375 -5 -33.5 -38.9375 -5 -31.8125 
2 24 -40.5625 -5 -33.5 -38.9375 -5 -33.5 
2 24 -40.5625 -5 -31.8125 -40.5625 -5 -33.5 
2 24 -42.25 -5 -31.8125 -40.5625 -5 -31.8125 
2 24 -42.25 -5 -30.1875 -42.25 -5 -31.8125 
2 24 -40.5625 -5 -30.1875 -42.25 -5 -30.1875 
2 24 -40.5625 -5 -28.5 -40.5625 -5 -30.1875 
2 24 -38.9375 -5 -28.5 -38.9375 -7 -28.5 
2 24 -38.9375 -7 -28.5 -40.5625 -7 -28.5 
2 24 -40.5625 -5 -28.5 -40.5625 -7 -28.5 
2 24 -40.5625 -7 -28.5 -40.5625 -7 -30.1875 
2 24 -40.5625 -7 -30.1875 -40.5625 -5 -30.1875 
2 24 -40.5625 -7 -30.1875 -42.25 -7 -30.1875 
2 24 -42.25 -5 -30.1875 -42.25 -7 -30.1875 
2 24 -42.25 -7 -30.1875 -42.25 -7 -31.8125 
2 24 -42.25 -5 -31.8125 -42.25 -7 -31.8125 
2 24 -42.25 -7 -31.8125 -40.5625 -7 -31.8125 
2 24 -40.5625 -5 -31.8125 -40.5625 -7 -31.8125 
2 24 -40.5625 -7 -31.8125 -40.5625 -7 -33.5 
2 24 -40.5625 -5 -33.5 -40.5625 -7 -33.5 
2 24 -40.5625 -7 -33.5 -38.9375 -7 -33.5 
2 24 -38.9375 -5 -33.5 -38.9375 -7 -33.5 
2 24 -38.9375 -7 -33.5 -38.9375 -7 -31.8125 
2 24 -38.9375 -7 -31.8125 -38.9375 -5 -31.8125 
2 24 -38.9375 -7 -31.8125 -37.25 -7 -31.8125 
2 24 -37.25 -5 -31.8125 -37.25 -7 -31.8125 
2 24 -37.25 -7 -31.8125 -37.25 -7 -30.1875 
2 24 -37.25 -5 -30.1875 -37.25 -7 -30.1875 
2 24 -37.25 -7 -30.1875 -38.9375 -7 -30.1875 
2 24 -38.9375 -5 -30.1875 -38.9375 -7 -30.1875 
2 24 -38.9375 -7 -30.1875 -38.9375 -7 -28.5 
2 24 -34.75 -5 31 -34.9204 -5 32.2941 
2 24 -34.9204 -5 32.2941 -35.4199 -5 33.5 
2 24 -35.4199 -5 33.5 -36.2145 -5 34.5355 
2 24 -36.2145 -5 34.5355 -37.25 -5 35.3301 
2 24 -37.25 -5 35.3301 -38.4559 -5 35.8296 
2 24 -38.4559 -5 35.8296 -39.75 -5 36 
2 24 -39.75 -5 36 -41.0441 -5 35.8296 
2 24 -41.0441 -5 35.8296 -42.25 -5 35.3301 
2 24 -42.25 -5 35.3301 -43.2855 -5 34.5355 
2 24 -43.2855 -5 34.5355 -44.0801 -5 33.5 
2 24 -44.0801 -5 33.5 -44.5796 -5 32.2941 
2 24 -44.5796 -5 32.2941 -44.75 -5 31 
2 24 -44.75 -5 31 -44.5796 -5 29.7059 
2 24 -44.5796 -5 29.7059 -44.0801 -5 28.5 
2 24 -44.0801 -5 28.5 -43.2855 -5 27.4645 
2 24 -43.2855 -5 27.4645 -42.25 -5 26.6699 
2 24 -42.25 -5 26.6699 -41.0441 -5 26.1704 
2 24 -41.0441 -5 26.1704 -39.75 -5 26 
2 24 -39.75 -5 26 -38.4559 -5 26.1704 
2 24 -38.4559 -5 26.1704 -37.25 -5 26.6699 
2 24 -37.25 -5 26.6699 -36.2145 -5 27.4645 
2 24 -36.2145 -5 27.4645 -35.4199 -5 28.5 
2 24 -35.4199 -5 28.5 -34.9204 -5 29.7059 
2 24 -34.9204 -5 29.7059 -34.75 -5 31 
2 24 -34.75 -5 31 -34.75 -7.5 31 
2 24 -34.75 -7.5 31 -34.9204 -7.5 32.2941 
2 24 -34.9204 -7.5 32.2941 -35.4199 -7.5 33.5 
2 24 -35.4199 -7.5 33.5 -36.2145 -7.5 34.5355 
2 24 -36.2145 -7.5 34.5355 -37.25 -7.5 35.3301 
2 24 -37.25 -7.5 35.3301 -38.4559 -7.5 35.8296 
2 24 -38.4559 -7.5 35.8296 -39.75 -7.5 36 
2 24 -39.75 -7.5 36 -41.0441 -7.5 35.8296 
2 24 -41.0441 -7.5 35.8296 -42.25 -7.5 35.3301 
2 24 -42.25 -7.5 35.3301 -43.2855 -7.5 34.5355 
2 24 -43.2855 -7.5 34.5355 -44.0801 -7.5 33.5 
2 24 -44.0801 -7.5 33.5 -44.5796 -7.5 32.2941 
2 24 -44.5796 -7.5 32.2941 -44.75 -7.5 31 
2 24 -44.75 -7.5 31 -44.5796 -7.5 29.7059 
2 24 -44.5796 -7.5 29.7059 -44.0801 -7.5 28.5 
2 24 -44.0801 -7.5 28.5 -43.2855 -7.5 27.4645 
2 24 -43.2855 -7.5 27.4645 -42.25 -7.5 26.6699 
2 24 -42.25 -7.5 26.6699 -41.0441 -7.5 26.1704 
2 24 -41.0441 -7.5 26.1704 -39.75 -7.5 26 
2 24 -39.75 -7.5 26 -38.4559 -7.5 26.1704 
2 24 -38.4559 -7.5 26.1704 -37.25 -7.5 26.6699 
2 24 -37.25 -7.5 26.6699 -36.2145 -7.5 27.4645 
2 24 -36.2145 -7.5 27.4645 -35.4199 -7.5 28.5 
2 24 -35.4199 -7.5 28.5 -34.9204 -7.5 29.7059 
2 24 -34.9204 -7.5 29.7059 -34.75 -7.5 31 
2 24 -38.9375 -5 33.5 -40.5625 -5 33.5 
2 24 -38.9375 -5 31.8125 -38.9375 -5 33.5 
2 24 -37.25 -5 31.8125 -38.9375 -5 31.8125 
2 24 -37.25 -5 30.1875 -37.25 -5 31.8125 
2 24 -38.9375 -5 30.1875 -37.25 -5 30.1875 
2 24 -38.9375 -5 28.5 -38.9375 -5 30.1875 
2 24 -40.5625 -5 28.5 -38.9375 -5 28.5 
2 24 -40.5625 -5 30.1875 -40.5625 -5 28.5 
2 24 -42.25 -5 30.1875 -40.5625 -5 30.1875 
2 24 -42.25 -5 31.8125 -42.25 -5 30.1875 
2 24 -40.5625 -5 31.8125 -42.25 -5 31.8125 
2 24 -40.5625 -5 33.5 -40.5625 -5 31.8125 
2 24 -38.9375 -5 33.5 -38.9375 -7 33.5 
2 24 -38.9375 -7 33.5 -40.5625 -7 33.5 
2 24 -40.5625 -5 33.5 -40.5625 -7 33.5 
2 24 -40.5625 -7 33.5 -40.5625 -7 31.8125 
2 24 -40.5625 -7 31.8125 -40.5625 -5 31.8125 
2 24 -40.5625 -7 31.8125 -42.25 -7 31.8125 
2 24 -42.25 -5 31.8125 -42.25 -7 31.8125 
2 24 -42.25 -7 31.8125 -42.25 -7 30.1875 
2 24 -42.25 -5 30.1875 -42.25 -7 30.1875 
2 24 -42.25 -7 30.1875 -40.5625 -7 30.1875 
2 24 -40.5625 -5 30.1875 -40.5625 -7 30.1875 
2 24 -40.5625 -7 30.1875 -40.5625 -7 28.5 
2 24 -40.5625 -5 28.5 -40.5625 -7 28.5 
2 24 -40.5625 -7 28.5 -38.9375 -7 28.5 
2 24 -38.9375 -5 28.5 -38.9375 -7 28.5 
2 24 -38.9375 -7 28.5 -38.9375 -7 30.1875 
2 24 -38.9375 -7 30.1875 -38.9375 -5 30.1875 
2 24 -38.9375 -7 30.1875 -37.25 -7 30.1875 
2 24 -37.25 -5 30.1875 -37.25 -7 30.1875 
2 24 -37.25 -7 30.1875 -37.25 -7 31.8125 
2 24 -37.25 -5 31.8125 -37.25 -7 31.8125 
2 24 -37.25 -7 31.8125 -38.9375 -7 31.8125 
2 24 -38.9375 -5 31.8125 -38.9375 -7 31.8125 
2 24 -38.9375 -7 31.8125 -38.9375 -7 33.5 
0 NOFILE
