0 USBPlasticV2.dat
0 FILE USBPlasticV2.dat
0 Name: usbplasticv2.dat
0 Author: Fx Bricks
3 16 -4.125 -37.125 28 0 -38.625 28 -4.125 -38.625 28 
3 16 -4.125 -37.125 28 0 -37.125 28 0 -38.625 28 
3 16 -4.1806 -37.125 28.0063 -4.125 -38.625 28 -4.1806 -38.625 28.0063 
3 16 -4.1806 -37.125 28.0063 -4.125 -37.125 28 -4.125 -38.625 28 
3 16 -4.2335 -37.125 28.0248 -4.1806 -38.625 28.0063 -4.2335 -38.625 28.0248 
3 16 -4.2335 -37.125 28.0248 -4.1806 -37.125 28.0063 -4.1806 -38.625 28.0063 
3 16 -4.2809 -37.125 28.0545 -4.2335 -38.625 28.0248 -4.2809 -38.625 28.0545 
3 16 -4.2809 -37.125 28.0545 -4.2335 -37.125 28.0248 -4.2335 -38.625 28.0248 
3 16 -4.3205 -37.125 28.0941 -4.2809 -38.625 28.0545 -4.3205 -38.625 28.0941 
3 16 -4.3205 -37.125 28.0941 -4.2809 -37.125 28.0545 -4.2809 -38.625 28.0545 
3 16 -4.3502 -37.125 28.1415 -4.3205 -38.625 28.0941 -4.3502 -38.625 28.1415 
3 16 -4.3502 -37.125 28.1415 -4.3205 -37.125 28.0941 -4.3205 -38.625 28.0941 
3 16 -4.3687 -37.125 28.1944 -4.3502 -38.625 28.1415 -4.3687 -38.625 28.1944 
3 16 -4.3687 -37.125 28.1944 -4.3502 -37.125 28.1415 -4.3502 -38.625 28.1415 
3 16 -4.375 -37.125 28.25 -4.3687 -38.625 28.1944 -4.375 -38.625 28.25 
3 16 -4.375 -37.125 28.25 -4.3687 -37.125 28.1944 -4.3687 -38.625 28.1944 
3 16 -4.375 -37.125 36.5 -4.375 -38.625 28.25 -4.375 -38.625 36.5 
3 16 -4.375 -37.125 36.5 -4.375 -37.125 28.25 -4.375 -38.625 28.25 
3 16 -4.3687 -37.125 36.5556 -4.375 -38.625 36.5 -4.3687 -38.625 36.5556 
3 16 -4.3687 -37.125 36.5556 -4.375 -37.125 36.5 -4.375 -38.625 36.5 
3 16 -4.3502 -37.125 36.6085 -4.3687 -38.625 36.5556 -4.3502 -38.625 36.6085 
3 16 -4.3502 -37.125 36.6085 -4.3687 -37.125 36.5556 -4.3687 -38.625 36.5556 
3 16 -4.3205 -37.125 36.6559 -4.3502 -38.625 36.6085 -4.3205 -38.625 36.6559 
3 16 -4.3205 -37.125 36.6559 -4.3502 -37.125 36.6085 -4.3502 -38.625 36.6085 
3 16 -4.2809 -37.125 36.6955 -4.3205 -38.625 36.6559 -4.2809 -38.625 36.6955 
3 16 -4.2809 -37.125 36.6955 -4.3205 -37.125 36.6559 -4.3205 -38.625 36.6559 
3 16 -4.2335 -37.125 36.7252 -4.2809 -38.625 36.6955 -4.2335 -38.625 36.7252 
3 16 -4.2335 -37.125 36.7252 -4.2809 -37.125 36.6955 -4.2809 -38.625 36.6955 
3 16 -4.1806 -37.125 36.7437 -4.2335 -38.625 36.7252 -4.1806 -38.625 36.7437 
3 16 -4.1806 -37.125 36.7437 -4.2335 -37.125 36.7252 -4.2335 -38.625 36.7252 
3 16 -4.125 -37.125 36.75 -4.1806 -38.625 36.7437 -4.125 -38.625 36.75 
3 16 -4.125 -37.125 36.75 -4.1806 -37.125 36.7437 -4.1806 -38.625 36.7437 
3 16 0 -37.125 36.75 -4.125 -38.625 36.75 0 -38.625 36.75 
3 16 0 -37.125 36.75 -4.125 -37.125 36.75 -4.125 -38.625 36.75 
3 16 4.125 -37.125 36.75 0 -38.625 36.75 4.125 -38.625 36.75 
3 16 4.125 -37.125 36.75 0 -37.125 36.75 0 -38.625 36.75 
3 16 4.1806 -37.125 36.7437 4.125 -38.625 36.75 4.1806 -38.625 36.7437 
3 16 4.1806 -37.125 36.7437 4.125 -37.125 36.75 4.125 -38.625 36.75 
3 16 4.2335 -37.125 36.7252 4.1806 -38.625 36.7437 4.2335 -38.625 36.7252 
3 16 4.2335 -37.125 36.7252 4.1806 -37.125 36.7437 4.1806 -38.625 36.7437 
3 16 4.2809 -37.125 36.6955 4.2335 -38.625 36.7252 4.2809 -38.625 36.6955 
3 16 4.2809 -37.125 36.6955 4.2335 -37.125 36.7252 4.2335 -38.625 36.7252 
3 16 4.3205 -37.125 36.6559 4.2809 -38.625 36.6955 4.3205 -38.625 36.6559 
3 16 4.3205 -37.125 36.6559 4.2809 -37.125 36.6955 4.2809 -38.625 36.6955 
3 16 4.3502 -37.125 36.6085 4.3205 -38.625 36.6559 4.3502 -38.625 36.6085 
3 16 4.3502 -37.125 36.6085 4.3205 -37.125 36.6559 4.3205 -38.625 36.6559 
3 16 4.3687 -37.125 36.5556 4.3502 -38.625 36.6085 4.3687 -38.625 36.5556 
3 16 4.3687 -37.125 36.5556 4.3502 -37.125 36.6085 4.3502 -38.625 36.6085 
3 16 4.375 -37.125 36.5 4.3687 -38.625 36.5556 4.375 -38.625 36.5 
3 16 4.375 -37.125 36.5 4.3687 -37.125 36.5556 4.3687 -38.625 36.5556 
3 16 4.375 -37.125 28.25 4.375 -38.625 36.5 4.375 -38.625 28.25 
3 16 4.375 -37.125 28.25 4.375 -37.125 36.5 4.375 -38.625 36.5 
3 16 4.3687 -37.125 28.1944 4.375 -38.625 28.25 4.3687 -38.625 28.1944 
3 16 4.3687 -37.125 28.1944 4.375 -37.125 28.25 4.375 -38.625 28.25 
3 16 4.3502 -37.125 28.1415 4.3687 -38.625 28.1944 4.3502 -38.625 28.1415 
3 16 4.3502 -37.125 28.1415 4.3687 -37.125 28.1944 4.3687 -38.625 28.1944 
3 16 4.3205 -37.125 28.0941 4.3502 -38.625 28.1415 4.3205 -38.625 28.0941 
3 16 4.3205 -37.125 28.0941 4.3502 -37.125 28.1415 4.3502 -38.625 28.1415 
3 16 4.2809 -37.125 28.0545 4.3205 -38.625 28.0941 4.2809 -38.625 28.0545 
3 16 4.2809 -37.125 28.0545 4.3205 -37.125 28.0941 4.3205 -38.625 28.0941 
3 16 4.2335 -37.125 28.0248 4.2809 -38.625 28.0545 4.2335 -38.625 28.0248 
3 16 4.2335 -37.125 28.0248 4.2809 -37.125 28.0545 4.2809 -38.625 28.0545 
3 16 4.1806 -37.125 28.0063 4.2335 -38.625 28.0248 4.1806 -38.625 28.0063 
3 16 4.1806 -37.125 28.0063 4.1806 -38.625 28.0063 4.125 -38.625 28 
3 16 4.1806 -37.125 28.0063 4.2335 -37.125 28.0248 4.2335 -38.625 28.0248 
3 16 4.125 -37.125 28 4.1806 -37.125 28.0063 4.125 -38.625 28 
3 16 0 -37.125 28 4.125 -38.625 28 0 -38.625 28 
3 16 0 -37.125 28 4.125 -37.125 28 4.125 -38.625 28 
3 16 4.2335 -38.625 36.7252 4.2809 -38.625 36.6955 4.3205 -38.625 36.6559 
3 16 4.3687 -38.625 36.5556 4.3205 -38.625 36.6559 4.3502 -38.625 36.6085 
3 16 4.125 -38.625 36.75 4.1806 -38.625 36.7437 4.2335 -38.625 36.7252 
3 16 4.125 -38.625 36.75 4.3687 -38.625 36.5556 4.375 -38.625 36.5 
3 16 4.125 -38.625 36.75 4.2335 -38.625 36.7252 4.3205 -38.625 36.6559 
3 16 4.125 -38.625 36.75 4.3205 -38.625 36.6559 4.3687 -38.625 36.5556 
3 16 0 -38.625 36.75 4.125 -38.625 36.75 4.375 -38.625 36.5 
3 16 4.375 -38.625 28.25 0 -38.625 36.75 4.375 -38.625 36.5 
3 16 4.3502 -38.625 28.1415 4.375 -38.625 28.25 4.3687 -38.625 28.1944 
3 16 -4.3205 -38.625 36.6559 -4.2809 -38.625 36.6955 -4.2335 -38.625 36.7252 
3 16 -4.3205 -38.625 36.6559 -4.2335 -38.625 36.7252 -4.1806 -38.625 36.7437 
3 16 -4.3687 -38.625 36.5556 -4.3502 -38.625 36.6085 -4.3205 -38.625 36.6559 
3 16 -4.3687 -38.625 36.5556 -4.1806 -38.625 36.7437 -4.125 -38.625 36.75 
3 16 -4.3687 -38.625 36.5556 -4.3205 -38.625 36.6559 -4.1806 -38.625 36.7437 
3 16 4.125 -38.625 28 4.3502 -38.625 28.1415 4.3205 -38.625 28.0941 
3 16 4.125 -38.625 28 4.3205 -38.625 28.0941 4.2809 -38.625 28.0545 
3 16 4.125 -38.625 28 4.2809 -38.625 28.0545 4.2335 -38.625 28.0248 
3 16 4.125 -38.625 28 4.2335 -38.625 28.0248 4.1806 -38.625 28.0063 
3 16 4.125 -38.625 28 4.375 -38.625 28.25 4.3502 -38.625 28.1415 
3 16 -4.375 -38.625 36.5 -4.125 -38.625 36.75 0 -38.625 36.75 
3 16 -4.375 -38.625 36.5 -4.3687 -38.625 36.5556 -4.125 -38.625 36.75 
3 16 0 -38.625 28 0 -38.625 36.75 4.375 -38.625 28.25 
3 16 0 -38.625 28 4.375 -38.625 28.25 4.125 -38.625 28 
3 16 -4.375 -38.625 28.25 0 -38.625 28 -4.125 -38.625 28 
3 16 -4.375 -38.625 28.25 -4.375 -38.625 36.5 0 -38.625 36.75 
3 16 -4.375 -38.625 28.25 0 -38.625 36.75 0 -38.625 28 
3 16 -4.3687 -38.625 28.1944 -4.125 -38.625 28 -4.1806 -38.625 28.0063 
3 16 -4.3687 -38.625 28.1944 -4.375 -38.625 28.25 -4.125 -38.625 28 
3 16 -4.3205 -38.625 28.0941 -4.3502 -38.625 28.1415 -4.3687 -38.625 28.1944 
3 16 -4.2809 -38.625 28.0545 -4.3205 -38.625 28.0941 -4.3687 -38.625 28.1944 
3 16 -4.2809 -38.625 28.0545 -4.1806 -38.625 28.0063 -4.2335 -38.625 28.0248 
3 16 -4.2809 -38.625 28.0545 -4.3687 -38.625 28.1944 -4.1806 -38.625 28.0063 
3 16 4.2335 -37.125 36.7252 4.2809 -37.125 36.6955 4.3205 -37.125 36.6559 
3 16 4.3687 -37.125 36.5556 4.3205 -37.125 36.6559 4.3502 -37.125 36.6085 
3 16 4.125 -37.125 36.75 4.1806 -37.125 36.7437 4.2335 -37.125 36.7252 
3 16 4.125 -37.125 36.75 4.3687 -37.125 36.5556 4.375 -37.125 36.5 
3 16 4.125 -37.125 36.75 4.2335 -37.125 36.7252 4.3205 -37.125 36.6559 
3 16 4.125 -37.125 36.75 4.3205 -37.125 36.6559 4.3687 -37.125 36.5556 
3 16 0 -37.125 36.75 4.125 -37.125 36.75 4.375 -37.125 36.5 
3 16 4.375 -37.125 28.25 0 -37.125 36.75 4.375 -37.125 36.5 
3 16 4.3502 -37.125 28.1415 4.375 -37.125 28.25 4.3687 -37.125 28.1944 
3 16 -4.3205 -37.125 36.6559 -4.2809 -37.125 36.6955 -4.2335 -37.125 36.7252 
3 16 -4.3205 -37.125 36.6559 -4.2335 -37.125 36.7252 -4.1806 -37.125 36.7437 
3 16 -4.3687 -37.125 36.5556 -4.3502 -37.125 36.6085 -4.3205 -37.125 36.6559 
3 16 -4.3687 -37.125 36.5556 -4.1806 -37.125 36.7437 -4.125 -37.125 36.75 
3 16 -4.3687 -37.125 36.5556 -4.3205 -37.125 36.6559 -4.1806 -37.125 36.7437 
3 16 4.125 -37.125 28 4.3502 -37.125 28.1415 4.3205 -37.125 28.0941 
3 16 4.125 -37.125 28 4.3205 -37.125 28.0941 4.2809 -37.125 28.0545 
3 16 4.125 -37.125 28 4.2809 -37.125 28.0545 4.2335 -37.125 28.0248 
3 16 4.125 -37.125 28 4.2335 -37.125 28.0248 4.1806 -37.125 28.0063 
3 16 4.125 -37.125 28 4.375 -37.125 28.25 4.3502 -37.125 28.1415 
3 16 -4.375 -37.125 36.5 -4.125 -37.125 36.75 0 -37.125 36.75 
3 16 -4.375 -37.125 36.5 -4.3687 -37.125 36.5556 -4.125 -37.125 36.75 
3 16 0 -37.125 28 0 -37.125 36.75 4.375 -37.125 28.25 
3 16 0 -37.125 28 4.375 -37.125 28.25 4.125 -37.125 28 
3 16 -4.375 -37.125 28.25 0 -37.125 28 -4.125 -37.125 28 
3 16 -4.375 -37.125 28.25 -4.375 -37.125 36.5 0 -37.125 36.75 
3 16 -4.375 -37.125 28.25 0 -37.125 36.75 0 -37.125 28 
3 16 -4.3687 -37.125 28.1944 -4.125 -37.125 28 -4.1806 -37.125 28.0063 
3 16 -4.3687 -37.125 28.1944 -4.375 -37.125 28.25 -4.125 -37.125 28 
3 16 -4.3205 -37.125 28.0941 -4.3502 -37.125 28.1415 -4.3687 -37.125 28.1944 
3 16 -4.2809 -37.125 28.0545 -4.3205 -37.125 28.0941 -4.3687 -37.125 28.1944 
3 16 -4.2809 -37.125 28.0545 -4.1806 -37.125 28.0063 -4.2335 -37.125 28.0248 
3 16 -4.2809 -37.125 28.0545 -4.3687 -37.125 28.1944 -4.1806 -37.125 28.0063 
2 24 0 -38.625 28 -4.125 -38.625 28 
2 24 -4.125 -38.625 28 -4.125 -38.5 28 
2 24 -4.125 -38.5 28 -4.125 -38.375 28 
2 24 -4.125 -38.375 28 -4.125 -38.25 28 
2 24 -4.125 -38.25 28 -4.125 -38.125 28 
2 24 -4.125 -38.125 28 -4.125 -38 28 
2 24 -4.125 -38 28 -4.125 -37.875 28 
2 24 -4.125 -37.875 28 -4.125 -37.75 28 
2 24 -4.125 -37.75 28 -4.125 -37.625 28 
2 24 -4.125 -37.625 28 -4.125 -37.5 28 
2 24 -4.125 -37.5 28 -4.125 -37.375 28 
2 24 -4.125 -37.375 28 -4.125 -37.25 28 
2 24 -4.125 -37.25 28 -4.125 -37.125 28 
2 24 0 -37.125 28 -4.125 -37.125 28 
2 24 0 -38.625 28 0 -38.5 28 
2 24 0 -38.5 28 0 -38.375 28 
2 24 0 -38.375 28 0 -38.25 28 
2 24 0 -38.25 28 0 -38.125 28 
2 24 0 -38.125 28 0 -38 28 
2 24 0 -38 28 0 -37.875 28 
2 24 0 -37.875 28 0 -37.75 28 
2 24 0 -37.75 28 0 -37.625 28 
2 24 0 -37.625 28 0 -37.5 28 
2 24 0 -37.5 28 0 -37.375 28 
2 24 0 -37.375 28 0 -37.25 28 
2 24 0 -37.25 28 0 -37.125 28 
2 24 -4.125 -38.625 28 -4.1414 -38.625 28.0005 
2 24 -4.1414 -38.625 28.0005 -4.1576 -38.625 28.0021 
2 24 -4.1576 -38.625 28.0021 -4.1738 -38.625 28.0048 
2 24 -4.1738 -38.625 28.0048 -4.1897 -38.625 28.0085 
2 24 -4.1897 -38.625 28.0085 -4.2054 -38.625 28.0133 
2 24 -4.2054 -38.625 28.0133 -4.2207 -38.625 28.019 
2 24 -4.2207 -38.625 28.019 -4.2356 -38.625 28.0258 
2 24 -4.2356 -38.625 28.0258 -4.25 -38.625 28.0335 
2 24 -4.25 -38.625 28.0335 -4.2639 -38.625 28.0421 
2 24 -4.2639 -38.625 28.0421 -4.2772 -38.625 28.0517 
2 24 -4.2772 -38.625 28.0517 -4.2898 -38.625 28.062 
2 24 -4.2898 -38.625 28.062 -4.3018 -38.625 28.0732 
2 24 -4.3018 -38.625 28.0732 -4.313 -38.625 28.0852 
2 24 -4.313 -38.625 28.0852 -4.3233 -38.625 28.0978 
2 24 -4.3233 -38.625 28.0978 -4.3329 -38.625 28.1111 
2 24 -4.3329 -38.625 28.1111 -4.3415 -38.625 28.125 
2 24 -4.3415 -38.625 28.125 -4.3492 -38.625 28.1394 
2 24 -4.3492 -38.625 28.1394 -4.356 -38.625 28.1543 
2 24 -4.356 -38.625 28.1543 -4.3617 -38.625 28.1696 
2 24 -4.3617 -38.625 28.1696 -4.3665 -38.625 28.1853 
2 24 -4.3665 -38.625 28.1853 -4.3702 -38.625 28.2012 
2 24 -4.3702 -38.625 28.2012 -4.3729 -38.625 28.2174 
2 24 -4.3729 -38.625 28.2174 -4.3745 -38.625 28.2336 
2 24 -4.3745 -38.625 28.2336 -4.375 -38.625 28.25 
2 24 -4.375 -38.625 28.25 -4.375 -38.5 28.25 
2 24 -4.375 -38.5 28.25 -4.375 -38.375 28.25 
2 24 -4.375 -38.375 28.25 -4.375 -38.25 28.25 
2 24 -4.375 -38.25 28.25 -4.375 -38.125 28.25 
2 24 -4.375 -38.125 28.25 -4.375 -38 28.25 
2 24 -4.375 -38 28.25 -4.375 -37.875 28.25 
2 24 -4.375 -37.875 28.25 -4.375 -37.75 28.25 
2 24 -4.375 -37.75 28.25 -4.375 -37.625 28.25 
2 24 -4.375 -37.625 28.25 -4.375 -37.5 28.25 
2 24 -4.375 -37.5 28.25 -4.375 -37.375 28.25 
2 24 -4.375 -37.375 28.25 -4.375 -37.25 28.25 
2 24 -4.375 -37.25 28.25 -4.375 -37.125 28.25 
2 24 -4.125 -37.125 28 -4.1414 -37.125 28.0005 
2 24 -4.1414 -37.125 28.0005 -4.1576 -37.125 28.0021 
2 24 -4.1576 -37.125 28.0021 -4.1738 -37.125 28.0048 
2 24 -4.1738 -37.125 28.0048 -4.1897 -37.125 28.0085 
2 24 -4.1897 -37.125 28.0085 -4.2054 -37.125 28.0133 
2 24 -4.2054 -37.125 28.0133 -4.2207 -37.125 28.019 
2 24 -4.2207 -37.125 28.019 -4.2356 -37.125 28.0258 
2 24 -4.2356 -37.125 28.0258 -4.25 -37.125 28.0335 
2 24 -4.25 -37.125 28.0335 -4.2639 -37.125 28.0421 
2 24 -4.2639 -37.125 28.0421 -4.2772 -37.125 28.0517 
2 24 -4.2772 -37.125 28.0517 -4.2898 -37.125 28.062 
2 24 -4.2898 -37.125 28.062 -4.3018 -37.125 28.0732 
2 24 -4.3018 -37.125 28.0732 -4.313 -37.125 28.0852 
2 24 -4.313 -37.125 28.0852 -4.3233 -37.125 28.0978 
2 24 -4.3233 -37.125 28.0978 -4.3329 -37.125 28.1111 
2 24 -4.3329 -37.125 28.1111 -4.3415 -37.125 28.125 
2 24 -4.3415 -37.125 28.125 -4.3492 -37.125 28.1394 
2 24 -4.3492 -37.125 28.1394 -4.356 -37.125 28.1543 
2 24 -4.356 -37.125 28.1543 -4.3617 -37.125 28.1696 
2 24 -4.3617 -37.125 28.1696 -4.3665 -37.125 28.1853 
2 24 -4.3665 -37.125 28.1853 -4.3702 -37.125 28.2012 
2 24 -4.3702 -37.125 28.2012 -4.3729 -37.125 28.2174 
2 24 -4.3729 -37.125 28.2174 -4.3745 -37.125 28.2336 
2 24 -4.3745 -37.125 28.2336 -4.375 -37.125 28.25 
2 24 -4.375 -38.625 28.25 -4.375 -38.625 36.5 
2 24 -4.375 -38.625 36.5 -4.375 -38.5 36.5 
2 24 -4.375 -38.5 36.5 -4.375 -38.375 36.5 
2 24 -4.375 -38.375 36.5 -4.375 -38.25 36.5 
2 24 -4.375 -38.25 36.5 -4.375 -38.125 36.5 
2 24 -4.375 -38.125 36.5 -4.375 -38 36.5 
2 24 -4.375 -38 36.5 -4.375 -37.875 36.5 
2 24 -4.375 -37.875 36.5 -4.375 -37.75 36.5 
2 24 -4.375 -37.75 36.5 -4.375 -37.625 36.5 
2 24 -4.375 -37.625 36.5 -4.375 -37.5 36.5 
2 24 -4.375 -37.5 36.5 -4.375 -37.375 36.5 
2 24 -4.375 -37.375 36.5 -4.375 -37.25 36.5 
2 24 -4.375 -37.25 36.5 -4.375 -37.125 36.5 
2 24 -4.375 -37.125 28.25 -4.375 -37.125 36.5 
2 24 -4.375 -38.625 36.5 -4.3745 -38.625 36.5164 
2 24 -4.3745 -38.625 36.5164 -4.3729 -38.625 36.5326 
2 24 -4.3729 -38.625 36.5326 -4.3702 -38.625 36.5488 
2 24 -4.3702 -38.625 36.5488 -4.3665 -38.625 36.5647 
2 24 -4.3665 -38.625 36.5647 -4.3617 -38.625 36.5804 
2 24 -4.3617 -38.625 36.5804 -4.356 -38.625 36.5957 
2 24 -4.356 -38.625 36.5957 -4.3492 -38.625 36.6106 
2 24 -4.3492 -38.625 36.6106 -4.3415 -38.625 36.625 
2 24 -4.3415 -38.625 36.625 -4.3329 -38.625 36.6389 
2 24 -4.3329 -38.625 36.6389 -4.3233 -38.625 36.6522 
2 24 -4.3233 -38.625 36.6522 -4.313 -38.625 36.6648 
2 24 -4.313 -38.625 36.6648 -4.3018 -38.625 36.6768 
2 24 -4.3018 -38.625 36.6768 -4.2898 -38.625 36.688 
2 24 -4.2898 -38.625 36.688 -4.2772 -38.625 36.6983 
2 24 -4.2772 -38.625 36.6983 -4.2639 -38.625 36.7079 
2 24 -4.2639 -38.625 36.7079 -4.25 -38.625 36.7165 
2 24 -4.25 -38.625 36.7165 -4.2356 -38.625 36.7242 
2 24 -4.2356 -38.625 36.7242 -4.2207 -38.625 36.731 
2 24 -4.2207 -38.625 36.731 -4.2054 -38.625 36.7367 
2 24 -4.2054 -38.625 36.7367 -4.1897 -38.625 36.7415 
2 24 -4.1897 -38.625 36.7415 -4.1738 -38.625 36.7452 
2 24 -4.1738 -38.625 36.7452 -4.1576 -38.625 36.7479 
2 24 -4.1576 -38.625 36.7479 -4.1414 -38.625 36.7495 
2 24 -4.1414 -38.625 36.7495 -4.125 -38.625 36.75 
2 24 -4.125 -38.625 36.75 -4.125 -38.5 36.75 
2 24 -4.125 -38.5 36.75 -4.125 -38.375 36.75 
2 24 -4.125 -38.375 36.75 -4.125 -38.25 36.75 
2 24 -4.125 -38.25 36.75 -4.125 -38.125 36.75 
2 24 -4.125 -38.125 36.75 -4.125 -38 36.75 
2 24 -4.125 -38 36.75 -4.125 -37.875 36.75 
2 24 -4.125 -37.875 36.75 -4.125 -37.75 36.75 
2 24 -4.125 -37.75 36.75 -4.125 -37.625 36.75 
2 24 -4.125 -37.625 36.75 -4.125 -37.5 36.75 
2 24 -4.125 -37.5 36.75 -4.125 -37.375 36.75 
2 24 -4.125 -37.375 36.75 -4.125 -37.25 36.75 
2 24 -4.125 -37.25 36.75 -4.125 -37.125 36.75 
2 24 -4.375 -37.125 36.5 -4.3745 -37.125 36.5164 
2 24 -4.3745 -37.125 36.5164 -4.3729 -37.125 36.5326 
2 24 -4.3729 -37.125 36.5326 -4.3702 -37.125 36.5488 
2 24 -4.3702 -37.125 36.5488 -4.3665 -37.125 36.5647 
2 24 -4.3665 -37.125 36.5647 -4.3617 -37.125 36.5804 
2 24 -4.3617 -37.125 36.5804 -4.356 -37.125 36.5957 
2 24 -4.356 -37.125 36.5957 -4.3492 -37.125 36.6106 
2 24 -4.3492 -37.125 36.6106 -4.3415 -37.125 36.625 
2 24 -4.3415 -37.125 36.625 -4.3329 -37.125 36.6389 
2 24 -4.3329 -37.125 36.6389 -4.3233 -37.125 36.6522 
2 24 -4.3233 -37.125 36.6522 -4.313 -37.125 36.6648 
2 24 -4.313 -37.125 36.6648 -4.3018 -37.125 36.6768 
2 24 -4.3018 -37.125 36.6768 -4.2898 -37.125 36.688 
2 24 -4.2898 -37.125 36.688 -4.2772 -37.125 36.6983 
2 24 -4.2772 -37.125 36.6983 -4.2639 -37.125 36.7079 
2 24 -4.2639 -37.125 36.7079 -4.25 -37.125 36.7165 
2 24 -4.25 -37.125 36.7165 -4.2356 -37.125 36.7242 
2 24 -4.2356 -37.125 36.7242 -4.2207 -37.125 36.731 
2 24 -4.2207 -37.125 36.731 -4.2054 -37.125 36.7367 
2 24 -4.2054 -37.125 36.7367 -4.1897 -37.125 36.7415 
2 24 -4.1897 -37.125 36.7415 -4.1738 -37.125 36.7452 
2 24 -4.1738 -37.125 36.7452 -4.1576 -37.125 36.7479 
2 24 -4.1576 -37.125 36.7479 -4.1414 -37.125 36.7495 
2 24 -4.1414 -37.125 36.7495 -4.125 -37.125 36.75 
2 24 -4.125 -38.625 36.75 0 -38.625 36.75 
2 24 0 -38.625 36.75 0 -38.5 36.75 
2 24 0 -38.5 36.75 0 -38.375 36.75 
2 24 0 -38.375 36.75 0 -38.25 36.75 
2 24 0 -38.25 36.75 0 -38.125 36.75 
2 24 0 -38.125 36.75 0 -38 36.75 
2 24 0 -38 36.75 0 -37.875 36.75 
2 24 0 -37.875 36.75 0 -37.75 36.75 
2 24 0 -37.75 36.75 0 -37.625 36.75 
2 24 0 -37.625 36.75 0 -37.5 36.75 
2 24 0 -37.5 36.75 0 -37.375 36.75 
2 24 0 -37.375 36.75 0 -37.25 36.75 
2 24 0 -37.25 36.75 0 -37.125 36.75 
2 24 -4.125 -37.125 36.75 0 -37.125 36.75 
2 24 0 -38.625 36.75 4.125 -38.625 36.75 
2 24 4.125 -38.625 36.75 4.125 -38.5 36.75 
2 24 4.125 -38.5 36.75 4.125 -38.375 36.75 
2 24 4.125 -38.375 36.75 4.125 -38.25 36.75 
2 24 4.125 -38.25 36.75 4.125 -38.125 36.75 
2 24 4.125 -38.125 36.75 4.125 -38 36.75 
2 24 4.125 -38 36.75 4.125 -37.875 36.75 
2 24 4.125 -37.875 36.75 4.125 -37.75 36.75 
2 24 4.125 -37.75 36.75 4.125 -37.625 36.75 
2 24 4.125 -37.625 36.75 4.125 -37.5 36.75 
2 24 4.125 -37.5 36.75 4.125 -37.375 36.75 
2 24 4.125 -37.375 36.75 4.125 -37.25 36.75 
2 24 4.125 -37.25 36.75 4.125 -37.125 36.75 
2 24 0 -37.125 36.75 4.125 -37.125 36.75 
2 24 4.125 -38.625 36.75 4.1414 -38.625 36.7495 
2 24 4.1414 -38.625 36.7495 4.1576 -38.625 36.7479 
2 24 4.1576 -38.625 36.7479 4.1738 -38.625 36.7452 
2 24 4.1738 -38.625 36.7452 4.1897 -38.625 36.7415 
2 24 4.1897 -38.625 36.7415 4.2054 -38.625 36.7367 
2 24 4.2054 -38.625 36.7367 4.2207 -38.625 36.731 
2 24 4.2207 -38.625 36.731 4.2356 -38.625 36.7242 
2 24 4.2356 -38.625 36.7242 4.25 -38.625 36.7165 
2 24 4.25 -38.625 36.7165 4.2639 -38.625 36.7079 
2 24 4.2639 -38.625 36.7079 4.2772 -38.625 36.6983 
2 24 4.2772 -38.625 36.6983 4.2898 -38.625 36.688 
2 24 4.2898 -38.625 36.688 4.3018 -38.625 36.6768 
2 24 4.3018 -38.625 36.6768 4.313 -38.625 36.6648 
2 24 4.313 -38.625 36.6648 4.3233 -38.625 36.6522 
2 24 4.3233 -38.625 36.6522 4.3329 -38.625 36.6389 
2 24 4.3329 -38.625 36.6389 4.3415 -38.625 36.625 
2 24 4.3415 -38.625 36.625 4.3492 -38.625 36.6106 
2 24 4.3492 -38.625 36.6106 4.356 -38.625 36.5957 
2 24 4.356 -38.625 36.5957 4.3617 -38.625 36.5804 
2 24 4.3617 -38.625 36.5804 4.3665 -38.625 36.5647 
2 24 4.3665 -38.625 36.5647 4.3702 -38.625 36.5488 
2 24 4.3702 -38.625 36.5488 4.3729 -38.625 36.5326 
2 24 4.3729 -38.625 36.5326 4.3745 -38.625 36.5164 
2 24 4.3745 -38.625 36.5164 4.375 -38.625 36.5 
2 24 4.375 -38.625 36.5 4.375 -38.5 36.5 
2 24 4.375 -38.5 36.5 4.375 -38.375 36.5 
2 24 4.375 -38.375 36.5 4.375 -38.25 36.5 
2 24 4.375 -38.25 36.5 4.375 -38.125 36.5 
2 24 4.375 -38.125 36.5 4.375 -38 36.5 
2 24 4.375 -38 36.5 4.375 -37.875 36.5 
2 24 4.375 -37.875 36.5 4.375 -37.75 36.5 
2 24 4.375 -37.75 36.5 4.375 -37.625 36.5 
2 24 4.375 -37.625 36.5 4.375 -37.5 36.5 
2 24 4.375 -37.5 36.5 4.375 -37.375 36.5 
2 24 4.375 -37.375 36.5 4.375 -37.25 36.5 
2 24 4.375 -37.25 36.5 4.375 -37.125 36.5 
2 24 4.125 -37.125 36.75 4.1414 -37.125 36.7495 
2 24 4.1414 -37.125 36.7495 4.1576 -37.125 36.7479 
2 24 4.1576 -37.125 36.7479 4.1738 -37.125 36.7452 
2 24 4.1738 -37.125 36.7452 4.1897 -37.125 36.7415 
2 24 4.1897 -37.125 36.7415 4.2054 -37.125 36.7367 
2 24 4.2054 -37.125 36.7367 4.2207 -37.125 36.731 
2 24 4.2207 -37.125 36.731 4.2356 -37.125 36.7242 
2 24 4.2356 -37.125 36.7242 4.25 -37.125 36.7165 
2 24 4.25 -37.125 36.7165 4.2639 -37.125 36.7079 
2 24 4.2639 -37.125 36.7079 4.2772 -37.125 36.6983 
2 24 4.2772 -37.125 36.6983 4.2898 -37.125 36.688 
2 24 4.2898 -37.125 36.688 4.3018 -37.125 36.6768 
2 24 4.3018 -37.125 36.6768 4.313 -37.125 36.6648 
2 24 4.313 -37.125 36.6648 4.3233 -37.125 36.6522 
2 24 4.3233 -37.125 36.6522 4.3329 -37.125 36.6389 
2 24 4.3329 -37.125 36.6389 4.3415 -37.125 36.625 
2 24 4.3415 -37.125 36.625 4.3492 -37.125 36.6106 
2 24 4.3492 -37.125 36.6106 4.356 -37.125 36.5957 
2 24 4.356 -37.125 36.5957 4.3617 -37.125 36.5804 
2 24 4.3617 -37.125 36.5804 4.3665 -37.125 36.5647 
2 24 4.3665 -37.125 36.5647 4.3702 -37.125 36.5488 
2 24 4.3702 -37.125 36.5488 4.3729 -37.125 36.5326 
2 24 4.3729 -37.125 36.5326 4.3745 -37.125 36.5164 
2 24 4.3745 -37.125 36.5164 4.375 -37.125 36.5 
2 24 4.375 -38.625 36.5 4.375 -38.625 28.25 
2 24 4.375 -38.625 28.25 4.375 -38.5 28.25 
2 24 4.375 -38.5 28.25 4.375 -38.375 28.25 
2 24 4.375 -38.375 28.25 4.375 -38.25 28.25 
2 24 4.375 -38.25 28.25 4.375 -38.125 28.25 
2 24 4.375 -38.125 28.25 4.375 -38 28.25 
2 24 4.375 -38 28.25 4.375 -37.875 28.25 
2 24 4.375 -37.875 28.25 4.375 -37.75 28.25 
2 24 4.375 -37.75 28.25 4.375 -37.625 28.25 
2 24 4.375 -37.625 28.25 4.375 -37.5 28.25 
2 24 4.375 -37.5 28.25 4.375 -37.375 28.25 
2 24 4.375 -37.375 28.25 4.375 -37.25 28.25 
2 24 4.375 -37.25 28.25 4.375 -37.125 28.25 
2 24 4.375 -37.125 36.5 4.375 -37.125 28.25 
2 24 4.375 -38.625 28.25 4.3745 -38.625 28.2336 
2 24 4.3745 -38.625 28.2336 4.3729 -38.625 28.2174 
2 24 4.3729 -38.625 28.2174 4.3702 -38.625 28.2012 
2 24 4.3702 -38.625 28.2012 4.3665 -38.625 28.1853 
2 24 4.3665 -38.625 28.1853 4.3617 -38.625 28.1696 
2 24 4.3617 -38.625 28.1696 4.356 -38.625 28.1543 
2 24 4.356 -38.625 28.1543 4.3492 -38.625 28.1394 
2 24 4.3492 -38.625 28.1394 4.3415 -38.625 28.125 
2 24 4.3415 -38.625 28.125 4.3329 -38.625 28.1111 
2 24 4.3329 -38.625 28.1111 4.3233 -38.625 28.0978 
2 24 4.3233 -38.625 28.0978 4.313 -38.625 28.0852 
2 24 4.313 -38.625 28.0852 4.3018 -38.625 28.0732 
2 24 4.3018 -38.625 28.0732 4.2898 -38.625 28.062 
2 24 4.2898 -38.625 28.062 4.2772 -38.625 28.0517 
2 24 4.2772 -38.625 28.0517 4.2639 -38.625 28.0421 
2 24 4.2639 -38.625 28.0421 4.25 -38.625 28.0335 
2 24 4.25 -38.625 28.0335 4.2356 -38.625 28.0258 
2 24 4.2356 -38.625 28.0258 4.2207 -38.625 28.019 
2 24 4.2207 -38.625 28.019 4.2054 -38.625 28.0133 
2 24 4.2054 -38.625 28.0133 4.1897 -38.625 28.0085 
2 24 4.1897 -38.625 28.0085 4.1738 -38.625 28.0048 
2 24 4.1738 -38.625 28.0048 4.1576 -38.625 28.0021 
2 24 4.1576 -38.625 28.0021 4.1414 -38.625 28.0005 
2 24 4.1414 -38.625 28.0005 4.125 -38.625 28 
2 24 4.125 -38.625 28 4.125 -38.5 28 
2 24 4.125 -38.5 28 4.125 -38.375 28 
2 24 4.125 -38.375 28 4.125 -38.25 28 
2 24 4.125 -38.25 28 4.125 -38.125 28 
2 24 4.125 -38.125 28 4.125 -38 28 
2 24 4.125 -38 28 4.125 -37.875 28 
2 24 4.125 -37.875 28 4.125 -37.75 28 
2 24 4.125 -37.75 28 4.125 -37.625 28 
2 24 4.125 -37.625 28 4.125 -37.5 28 
2 24 4.125 -37.5 28 4.125 -37.375 28 
2 24 4.125 -37.375 28 4.125 -37.25 28 
2 24 4.125 -37.25 28 4.125 -37.125 28 
2 24 4.375 -37.125 28.25 4.3745 -37.125 28.2336 
2 24 4.3745 -37.125 28.2336 4.3729 -37.125 28.2174 
2 24 4.3729 -37.125 28.2174 4.3702 -37.125 28.2012 
2 24 4.3702 -37.125 28.2012 4.3665 -37.125 28.1853 
2 24 4.3665 -37.125 28.1853 4.3617 -37.125 28.1696 
2 24 4.3617 -37.125 28.1696 4.356 -37.125 28.1543 
2 24 4.356 -37.125 28.1543 4.3492 -37.125 28.1394 
2 24 4.3492 -37.125 28.1394 4.3415 -37.125 28.125 
2 24 4.3415 -37.125 28.125 4.3329 -37.125 28.1111 
2 24 4.3329 -37.125 28.1111 4.3233 -37.125 28.0978 
2 24 4.3233 -37.125 28.0978 4.313 -37.125 28.0852 
2 24 4.313 -37.125 28.0852 4.3018 -37.125 28.0732 
2 24 4.3018 -37.125 28.0732 4.2898 -37.125 28.062 
2 24 4.2898 -37.125 28.062 4.2772 -37.125 28.0517 
2 24 4.2772 -37.125 28.0517 4.2639 -37.125 28.0421 
2 24 4.2639 -37.125 28.0421 4.25 -37.125 28.0335 
2 24 4.25 -37.125 28.0335 4.2356 -37.125 28.0258 
2 24 4.2356 -37.125 28.0258 4.2207 -37.125 28.019 
2 24 4.2207 -37.125 28.019 4.2054 -37.125 28.0133 
2 24 4.2054 -37.125 28.0133 4.1897 -37.125 28.0085 
2 24 4.1897 -37.125 28.0085 4.1738 -37.125 28.0048 
2 24 4.1738 -37.125 28.0048 4.1576 -37.125 28.0021 
2 24 4.1576 -37.125 28.0021 4.1414 -37.125 28.0005 
2 24 4.1414 -37.125 28.0005 4.125 -37.125 28 
2 24 4.125 -38.625 28 0 -38.625 28 
2 24 4.125 -37.125 28 0 -37.125 28 
0 NOFILE
