0 USB Pin Housing
0 Name: USBPinHousing.dat
0 Author: Fx Bricks
0 !LDRAW_ORG Unofficial_Part
0 !LICENSE Redistributable under CCAL version 2.0 : see CAreadme.txt

0 BFC CERTIFY CCW

0 // Created with stl2dat conversion tool

3 16 0.37 -8.13 -5.25 0.62 -7.9 -5.25 0.57 -8.04 -5.25
3 16 0.37 -8.13 -5.25 0.62 -7.87 -5.25 0.62 -7.9 -5.25
2 24 0.62 -7.9 -5.25 0.62 -7.87 -5.25
3 16 0.37 -8.13 -5.25 0.42 -8.12 -5.25 0.4 -8.12 -5.25
2 24 0.4 -8.12 -5.25 0.42 -8.12 -5.25
2 24 0.37 -8.13 -5.25 0.4 -8.12 -5.25
3 16 0.37 -8.13 -5.25 0.57 -8.04 -5.25 0.42 -8.12 -5.25
3 16 -8.13 0.37 -5.25 -8.12 0.4 -5.25 -8.12 0.42 -5.25
2 24 -8.12 0.4 -5.25 -8.13 0.37 -5.25
2 24 -8.12 0.42 -5.25 -8.12 0.4 -5.25
3 16 -8.13 0.37 -5.25 -8.12 0.42 -5.25 -8.12 0.44 -5.25
2 24 -8.12 0.44 -5.25 -8.12 0.42 -5.25
3 16 -8.13 0.37 -5.25 -8.12 0.44 -5.25 -8.11 0.46 -5.25
2 24 -8.11 0.46 -5.25 -8.12 0.44 -5.25
3 16 -8.13 0.37 -5.25 -7.96 0.61 -5.25 -7.87 0.62 -5.25
3 16 -8.13 0.37 -5.25 -7.87 0.62 -5.25 -3.75 0.62 -5.25
2 24 -3.75 0.62 -5.25 -7.87 0.62 -5.25
3 16 -8.01 0.58 -5.25 -7.99 0.59 -5.25 -7.98 0.6 -5.25
2 24 -7.99 0.59 -5.25 -8.01 0.58 -5.25
2 24 -7.98 0.6 -5.25 -7.99 0.59 -5.25
3 16 -8.13 0.37 -5.25 -8.01 0.58 -5.25 -7.96 0.61 -5.25
3 16 -8.01 0.58 -5.25 -7.98 0.6 -5.25 -7.96 0.61 -5.25
2 24 -7.96 0.61 -5.25 -7.98 0.6 -5.25
3 16 -8.13 0.37 -5.25 -8.11 0.46 -5.25 -8.01 0.58 -5.25
3 16 0.37 -8.13 -5.25 -3.75 0.62 -5.25 0.62 -7.87 -5.25
3 16 0.58 0.51 -5.25 0.54 0.56 -5.25 0.56 0.54 -5.25
2 24 0.56 0.54 -5.25 0.54 0.56 -5.25
3 16 0.58 0.51 -5.25 0.56 0.54 -5.25 0.57 0.53 -5.25
2 24 0.57 0.53 -5.25 0.56 0.54 -5.25
2 24 0.58 0.51 -5.25 0.57 0.53 -5.25
4 16 -8.13 -7.87 -5.25 -8.13 0.37 -5.25 -3.75 0.62 -5.25 0.37 -8.13 -5.25
2 24 -8.13 0.37 -5.25 -8.13 -7.87 -5.25
4 16 -8.13 -7.87 -5.25 0.37 -8.13 -5.25 -7.87 -8.13 -5.25 -8.08 -8.02 -5.25
2 24 -7.87 -8.13 -5.25 0.37 -8.13 -5.25
3 16 0.49 0.59 -5.25 0.51 0.58 -5.25 0.53 0.57 -5.25
2 24 0.51 0.58 -5.25 0.49 0.59 -5.25
2 24 0.53 0.57 -5.25 0.51 0.58 -5.25
3 16 0.57 -8.04 -5.25 0.62 -7.9 -5.25 0.6 -7.98 -5.25
3 16 0.49 0.59 -5.25 0.53 0.57 -5.25 0.54 0.56 -5.25
2 24 0.54 0.56 -5.25 0.53 0.57 -5.25
3 16 0.57 -8.04 -5.25 0.6 -7.98 -5.25 0.59 -8 -5.25
2 24 0.59 -8 -5.25 0.6 -7.98 -5.25
3 16 0.57 -8.04 -5.25 0.59 -8 -5.25 0.58 -8.02 -5.25
2 24 0.58 -8.02 -5.25 0.59 -8 -5.25
2 24 0.57 -8.04 -5.25 0.58 -8.02 -5.25
3 16 0.6 0.48 -5.25 0.58 0.51 -5.25 0.59 0.49 -5.25
2 24 0.59 0.49 -5.25 0.58 0.51 -5.25
2 24 0.6 0.48 -5.25 0.59 0.49 -5.25
3 16 -8.04 0.56 -5.25 -8.03 0.57 -5.25 -8.01 0.58 -5.25
2 24 -8.03 0.57 -5.25 -8.04 0.56 -5.25
2 24 -8.01 0.58 -5.25 -8.03 0.57 -5.25
3 16 -7.94 -8.12 -5.25 -7.87 -8.13 -5.25 -7.9 -8.12 -5.25
2 24 -7.9 -8.12 -5.25 -7.87 -8.13 -5.25
3 16 0.48 0.6 -5.25 0.54 0.56 -5.25 0.58 0.51 -5.25
3 16 -7.94 -8.12 -5.25 -7.9 -8.12 -5.25 -7.92 -8.12 -5.25
2 24 -7.92 -8.12 -5.25 -7.9 -8.12 -5.25
2 24 -7.94 -8.12 -5.25 -7.92 -8.12 -5.25
3 16 0.48 0.6 -5.25 0.49 0.59 -5.25 0.54 0.56 -5.25
2 24 0.49 0.59 -5.25 0.48 0.6 -5.25
3 16 0.61 0.46 -5.25 0.58 0.51 -5.25 0.6 0.48 -5.25
2 24 0.61 0.46 -5.25 0.6 0.48 -5.25
3 16 -8.1 -7.98 -5.25 -8.11 -7.96 -5.25 -8.12 -7.94 -5.25
2 24 -8.11 -7.96 -5.25 -8.1 -7.98 -5.25
2 24 -8.12 -7.94 -5.25 -8.11 -7.96 -5.25
3 16 0.52 -8.08 -5.25 0.57 -8.04 -5.25 0.55 -8.05 -5.25
2 24 0.55 -8.05 -5.25 0.57 -8.04 -5.25
3 16 -8.1 -7.98 -5.25 -8.12 -7.94 -5.25 -8.12 -7.92 -5.25
2 24 -8.12 -7.92 -5.25 -8.12 -7.94 -5.25
3 16 0.52 -8.08 -5.25 0.55 -8.05 -5.25 0.54 -8.07 -5.25
2 24 0.54 -8.07 -5.25 0.55 -8.05 -5.25
2 24 0.52 -8.08 -5.25 0.54 -8.07 -5.25
3 16 0.42 0.62 -5.25 0.44 0.62 -5.25 0.46 0.61 -5.25
2 24 0.44 0.62 -5.25 0.42 0.62 -5.25
2 24 0.46 0.61 -5.25 0.44 0.62 -5.25
3 16 0.42 0.62 -5.25 0.46 0.61 -5.25 0.48 0.6 -5.25
2 24 0.48 0.6 -5.25 0.46 0.61 -5.25
3 16 -8 -8.09 -5.25 -7.94 -8.12 -5.25 -7.96 -8.11 -5.25
2 24 -7.96 -8.11 -5.25 -7.94 -8.12 -5.25
3 16 -8 -8.09 -5.25 -7.96 -8.11 -5.25 -7.98 -8.1 -5.25
2 24 -7.98 -8.1 -5.25 -7.96 -8.11 -5.25
2 24 -8 -8.09 -5.25 -7.98 -8.1 -5.25
3 16 -8 -8.09 -5.25 -7.87 -8.13 -5.25 -7.94 -8.12 -5.25
3 16 -8.09 0.49 -5.25 -8.08 0.51 -5.25 -8.07 0.53 -5.25
2 24 -8.08 0.51 -5.25 -8.09 0.49 -5.25
2 24 -8.07 0.53 -5.25 -8.08 0.51 -5.25
3 16 -8.09 0.49 -5.25 -8.07 0.53 -5.25 -8.06 0.54 -5.25
2 24 -8.06 0.54 -5.25 -8.07 0.53 -5.25
3 16 -8.08 -8.02 -5.25 -8.09 -8 -5.25 -8.1 -7.98 -5.25
2 24 -8.09 -8 -5.25 -8.08 -8.02 -5.25
2 24 -8.1 -7.98 -5.25 -8.09 -8 -5.25
3 16 -8.08 -8.02 -5.25 -8.12 -7.92 -5.25 -8.12 -7.9 -5.25
2 24 -8.12 -7.9 -5.25 -8.12 -7.92 -5.25
3 16 0.62 0.37 -5.25 0.61 0.46 -5.25 0.62 0.44 -5.25
2 24 0.62 0.44 -5.25 0.61 0.46 -5.25
3 16 -8.08 -8.02 -5.25 -8.1 -7.98 -5.25 -8.12 -7.92 -5.25
3 16 0.62 0.37 -5.25 0.62 0.44 -5.25 0.62 0.42 -5.25
2 24 0.62 0.42 -5.25 0.62 0.44 -5.25
3 16 -8.08 -8.02 -5.25 -8.12 -7.9 -5.25 -8.13 -7.87 -5.25
2 24 -8.13 -7.87 -5.25 -8.12 -7.9 -5.25
3 16 0.62 0.37 -5.25 0.62 0.42 -5.25 0.62 0.4 -5.25
2 24 0.62 0.4 -5.25 0.62 0.42 -5.25
2 24 0.62 0.37 -5.25 0.62 0.4 -5.25
3 16 0.37 0.62 -5.25 0.58 0.51 -5.25 0.61 0.46 -5.25
3 16 0.37 0.62 -5.25 0.48 0.6 -5.25 0.58 0.51 -5.25
3 16 0.37 0.62 -5.25 0.4 0.62 -5.25 0.42 0.62 -5.25
2 24 0.4 0.62 -5.25 0.37 0.62 -5.25
2 24 0.42 0.62 -5.25 0.4 0.62 -5.25
3 16 0.48 -8.1 -5.25 0.52 -8.08 -5.25 0.5 -8.09 -5.25
2 24 0.5 -8.09 -5.25 0.52 -8.08 -5.25
2 24 0.48 -8.1 -5.25 0.5 -8.09 -5.25
3 16 0.37 0.62 -5.25 0.61 0.46 -5.25 0.62 0.37 -5.25
3 16 0.37 0.62 -5.25 0.42 0.62 -5.25 0.48 0.6 -5.25
3 16 -8.04 -8.07 -5.25 -8 -8.09 -5.25 -8.02 -8.08 -5.25
2 24 -8.02 -8.08 -5.25 -8 -8.09 -5.25
2 24 -8.04 -8.07 -5.25 -8.02 -8.08 -5.25
4 16 -3.75 0.62 -5.25 0.37 0.62 -5.25 0.62 0.37 -5.25 0.62 -7.87 -5.25
2 24 0.37 0.62 -5.25 -3.75 0.62 -5.25
2 24 0.62 -7.87 -5.25 0.62 0.37 -5.25
3 16 -8.05 -8.05 -5.25 -8.07 -8.04 -5.25 -8.08 -8.02 -5.25
2 24 -8.07 -8.04 -5.25 -8.05 -8.05 -5.25
2 24 -8.08 -8.02 -5.25 -8.07 -8.04 -5.25
3 16 -8.05 -8.05 -5.25 -8.08 -8.02 -5.25 -7.87 -8.13 -5.25
3 16 -8.05 -8.05 -5.25 -7.87 -8.13 -5.25 -8 -8.09 -5.25
3 16 -8.05 -8.05 -5.25 -8 -8.09 -5.25 -8.04 -8.07 -5.25
2 24 -8.05 -8.05 -5.25 -8.04 -8.07 -5.25
3 16 0.46 -8.11 -5.25 0.52 -8.08 -5.25 0.48 -8.1 -5.25
2 24 0.46 -8.11 -5.25 0.48 -8.1 -5.25
3 16 -8.11 0.46 -5.25 -8.1 0.48 -5.25 -8.09 0.49 -5.25
2 24 -8.1 0.48 -5.25 -8.11 0.46 -5.25
2 24 -8.09 0.49 -5.25 -8.1 0.48 -5.25
3 16 -8.11 0.46 -5.25 -8.06 0.54 -5.25 -8.04 0.56 -5.25
2 24 -8.04 0.56 -5.25 -8.06 0.54 -5.25
3 16 -8.11 0.46 -5.25 -8.04 0.56 -5.25 -8.01 0.58 -5.25
3 16 -8.11 0.46 -5.25 -8.09 0.49 -5.25 -8.06 0.54 -5.25
3 16 -7.94 0.62 -5.25 -7.92 0.62 -5.25 -7.9 0.62 -5.25
2 24 -7.92 0.62 -5.25 -7.94 0.62 -5.25
2 24 -7.9 0.62 -5.25 -7.92 0.62 -5.25
3 16 -7.94 0.62 -5.25 -7.9 0.62 -5.25 -7.87 0.62 -5.25
2 24 -7.87 0.62 -5.25 -7.9 0.62 -5.25
3 16 0.42 -8.12 -5.25 0.57 -8.04 -5.25 0.52 -8.08 -5.25
3 16 0.42 -8.12 -5.25 0.52 -8.08 -5.25 0.46 -8.11 -5.25
3 16 0.42 -8.12 -5.25 0.46 -8.11 -5.25 0.44 -8.12 -5.25
2 24 0.44 -8.12 -5.25 0.46 -8.11 -5.25
2 24 0.42 -8.12 -5.25 0.44 -8.12 -5.25
3 16 -7.96 0.61 -5.25 -7.94 0.62 -5.25 -7.87 0.62 -5.25
2 24 -7.94 0.62 -5.25 -7.96 0.61 -5.25
3 16 0.6 -7.98 -5.25 0.62 -7.9 -5.25 0.62 -7.92 -5.25
2 24 0.62 -7.92 -5.25 0.62 -7.9 -5.25
3 16 0.6 -7.98 -5.25 0.62 -7.92 -5.25 0.62 -7.94 -5.25
2 24 0.62 -7.94 -5.25 0.62 -7.92 -5.25
3 16 0.6 -7.98 -5.25 0.62 -7.94 -5.25 0.61 -7.96 -5.25
2 24 0.61 -7.96 -5.25 0.62 -7.94 -5.25
2 24 0.6 -7.98 -5.25 0.61 -7.96 -5.25

3 16 0.57 -8.04 -3.75 0.62 -7.9 -3.75 0.37 -8.13 -3.75
3 16 0.62 -7.9 -3.75 0.62 -7.87 -3.75 0.37 -8.13 -3.75
2 24 0.62 -7.87 -3.75 0.62 -7.9 -3.75
3 16 0.4 -8.12 -3.75 0.42 -8.12 -3.75 0.37 -8.13 -3.75
2 24 0.42 -8.12 -3.75 0.4 -8.12 -3.75
2 24 0.4 -8.12 -3.75 0.37 -8.13 -3.75
3 16 0.42 -8.12 -3.75 0.57 -8.04 -3.75 0.37 -8.13 -3.75
3 16 -8.12 0.42 -3.75 -8.12 0.4 -3.75 -8.13 0.37 -3.75
2 24 -8.12 0.4 -3.75 -8.12 0.42 -3.75
2 24 -8.13 0.37 -3.75 -8.12 0.4 -3.75
3 16 -8.12 0.44 -3.75 -8.12 0.42 -3.75 -8.13 0.37 -3.75
2 24 -8.12 0.42 -3.75 -8.12 0.44 -3.75
3 16 -8.11 0.46 -3.75 -8.12 0.44 -3.75 -8.13 0.37 -3.75
2 24 -8.12 0.44 -3.75 -8.11 0.46 -3.75
3 16 -7.87 0.62 -3.75 -7.96 0.61 -3.75 -8.13 0.37 -3.75
3 16 0.37 0.62 -3.75 -7.87 0.62 -3.75 -8.13 0.37 -3.75
2 24 -7.87 0.62 -3.75 0.37 0.62 -3.75
3 16 -7.98 0.6 -3.75 -7.99 0.59 -3.75 -8.01 0.58 -3.75
2 24 -7.99 0.59 -3.75 -7.98 0.6 -3.75
2 24 -8.01 0.58 -3.75 -7.99 0.59 -3.75
3 16 -7.96 0.61 -3.75 -8.01 0.58 -3.75 -8.13 0.37 -3.75
3 16 -7.96 0.61 -3.75 -7.98 0.6 -3.75 -8.01 0.58 -3.75
2 24 -7.98 0.6 -3.75 -7.96 0.61 -3.75
3 16 -8.01 0.58 -3.75 -8.11 0.46 -3.75 -8.13 0.37 -3.75
4 16 0.62 -7.87 -3.75 0.62 0.37 -3.75 0.37 0.62 -3.75 -3.75 -8.13 -3.75
2 24 0.62 0.37 -3.75 0.62 -7.87 -3.75
3 16 0.37 -8.13 -3.75 0.62 -7.87 -3.75 -3.75 -8.13 -3.75
2 24 0.37 -8.13 -3.75 -3.75 -8.13 -3.75
3 16 0.56 0.54 -3.75 0.54 0.56 -3.75 0.58 0.51 -3.75
2 24 0.54 0.56 -3.75 0.56 0.54 -3.75
3 16 0.57 0.53 -3.75 0.56 0.54 -3.75 0.58 0.51 -3.75
2 24 0.56 0.54 -3.75 0.57 0.53 -3.75
2 24 0.57 0.53 -3.75 0.58 0.51 -3.75
4 16 0.37 0.62 -3.75 -8.13 0.37 -3.75 -8.13 -7.87 -3.75 -3.75 -8.13 -3.75
2 24 -8.13 -7.87 -3.75 -8.13 0.37 -3.75
4 16 -7.87 -8.13 -3.75 -3.75 -8.13 -3.75 -8.13 -7.87 -3.75 -8.08 -8.02 -3.75
2 24 -3.75 -8.13 -3.75 -7.87 -8.13 -3.75
3 16 0.53 0.57 -3.75 0.51 0.58 -3.75 0.49 0.59 -3.75
2 24 0.51 0.58 -3.75 0.53 0.57 -3.75
2 24 0.49 0.59 -3.75 0.51 0.58 -3.75
3 16 0.6 -7.98 -3.75 0.62 -7.9 -3.75 0.57 -8.04 -3.75
3 16 0.54 0.56 -3.75 0.53 0.57 -3.75 0.49 0.59 -3.75
2 24 0.53 0.57 -3.75 0.54 0.56 -3.75
3 16 0.59 -8 -3.75 0.6 -7.98 -3.75 0.57 -8.04 -3.75
2 24 0.6 -7.98 -3.75 0.59 -8 -3.75
3 16 0.58 -8.02 -3.75 0.59 -8 -3.75 0.57 -8.04 -3.75
2 24 0.59 -8 -3.75 0.58 -8.02 -3.75
2 24 0.58 -8.02 -3.75 0.57 -8.04 -3.75
3 16 0.59 0.49 -3.75 0.58 0.51 -3.75 0.6 0.48 -3.75
2 24 0.58 0.51 -3.75 0.59 0.49 -3.75
2 24 0.59 0.49 -3.75 0.6 0.48 -3.75
3 16 -8.01 0.58 -3.75 -8.03 0.57 -3.75 -8.04 0.56 -3.75
2 24 -8.03 0.57 -3.75 -8.01 0.58 -3.75
2 24 -8.04 0.56 -3.75 -8.03 0.57 -3.75
3 16 -7.9 -8.12 -3.75 -7.87 -8.13 -3.75 -7.94 -8.12 -3.75
2 24 -7.87 -8.13 -3.75 -7.9 -8.12 -3.75
3 16 0.58 0.51 -3.75 0.54 0.56 -3.75 0.48 0.6 -3.75
3 16 -7.92 -8.12 -3.75 -7.9 -8.12 -3.75 -7.94 -8.12 -3.75
2 24 -7.9 -8.12 -3.75 -7.92 -8.12 -3.75
2 24 -7.92 -8.12 -3.75 -7.94 -8.12 -3.75
3 16 0.54 0.56 -3.75 0.49 0.59 -3.75 0.48 0.6 -3.75
2 24 0.48 0.6 -3.75 0.49 0.59 -3.75
3 16 0.6 0.48 -3.75 0.58 0.51 -3.75 0.61 0.46 -3.75
2 24 0.6 0.48 -3.75 0.61 0.46 -3.75
3 16 -8.12 -7.94 -3.75 -8.11 -7.96 -3.75 -8.1 -7.98 -3.75
2 24 -8.11 -7.96 -3.75 -8.12 -7.94 -3.75
2 24 -8.1 -7.98 -3.75 -8.11 -7.96 -3.75
3 16 0.55 -8.05 -3.75 0.57 -8.04 -3.75 0.52 -8.08 -3.75
2 24 0.57 -8.04 -3.75 0.55 -8.05 -3.75
3 16 -8.12 -7.92 -3.75 -8.12 -7.94 -3.75 -8.1 -7.98 -3.75
2 24 -8.12 -7.94 -3.75 -8.12 -7.92 -3.75
3 16 0.54 -8.07 -3.75 0.55 -8.05 -3.75 0.52 -8.08 -3.75
2 24 0.55 -8.05 -3.75 0.54 -8.07 -3.75
2 24 0.54 -8.07 -3.75 0.52 -8.08 -3.75
3 16 0.46 0.61 -3.75 0.44 0.62 -3.75 0.42 0.62 -3.75
2 24 0.44 0.62 -3.75 0.46 0.61 -3.75
2 24 0.42 0.62 -3.75 0.44 0.62 -3.75
3 16 0.48 0.6 -3.75 0.46 0.61 -3.75 0.42 0.62 -3.75
2 24 0.46 0.61 -3.75 0.48 0.6 -3.75
3 16 -7.96 -8.11 -3.75 -7.94 -8.12 -3.75 -8 -8.09 -3.75
2 24 -7.94 -8.12 -3.75 -7.96 -8.11 -3.75
3 16 -7.98 -8.1 -3.75 -7.96 -8.11 -3.75 -8 -8.09 -3.75
2 24 -7.96 -8.11 -3.75 -7.98 -8.1 -3.75
2 24 -7.98 -8.1 -3.75 -8 -8.09 -3.75
3 16 -7.94 -8.12 -3.75 -7.87 -8.13 -3.75 -8 -8.09 -3.75
3 16 -8.07 0.53 -3.75 -8.08 0.51 -3.75 -8.09 0.49 -3.75
2 24 -8.08 0.51 -3.75 -8.07 0.53 -3.75
2 24 -8.09 0.49 -3.75 -8.08 0.51 -3.75
3 16 -8.06 0.54 -3.75 -8.07 0.53 -3.75 -8.09 0.49 -3.75
2 24 -8.07 0.53 -3.75 -8.06 0.54 -3.75
3 16 -8.1 -7.98 -3.75 -8.09 -8 -3.75 -8.08 -8.02 -3.75
2 24 -8.09 -8 -3.75 -8.1 -7.98 -3.75
2 24 -8.08 -8.02 -3.75 -8.09 -8 -3.75
3 16 -8.12 -7.9 -3.75 -8.12 -7.92 -3.75 -8.08 -8.02 -3.75
2 24 -8.12 -7.92 -3.75 -8.12 -7.9 -3.75
3 16 0.62 0.44 -3.75 0.61 0.46 -3.75 0.62 0.37 -3.75
2 24 0.61 0.46 -3.75 0.62 0.44 -3.75
3 16 -8.12 -7.92 -3.75 -8.1 -7.98 -3.75 -8.08 -8.02 -3.75
3 16 0.62 0.42 -3.75 0.62 0.44 -3.75 0.62 0.37 -3.75
2 24 0.62 0.44 -3.75 0.62 0.42 -3.75
3 16 -8.13 -7.87 -3.75 -8.12 -7.9 -3.75 -8.08 -8.02 -3.75
2 24 -8.12 -7.9 -3.75 -8.13 -7.87 -3.75
3 16 0.62 0.4 -3.75 0.62 0.42 -3.75 0.62 0.37 -3.75
2 24 0.62 0.42 -3.75 0.62 0.4 -3.75
2 24 0.62 0.4 -3.75 0.62 0.37 -3.75
3 16 0.61 0.46 -3.75 0.58 0.51 -3.75 0.37 0.62 -3.75
3 16 0.58 0.51 -3.75 0.48 0.6 -3.75 0.37 0.62 -3.75
3 16 0.42 0.62 -3.75 0.4 0.62 -3.75 0.37 0.62 -3.75
2 24 0.4 0.62 -3.75 0.42 0.62 -3.75
2 24 0.37 0.62 -3.75 0.4 0.62 -3.75
3 16 0.5 -8.09 -3.75 0.52 -8.08 -3.75 0.48 -8.1 -3.75
2 24 0.52 -8.08 -3.75 0.5 -8.09 -3.75
2 24 0.5 -8.09 -3.75 0.48 -8.1 -3.75
3 16 0.62 0.37 -3.75 0.61 0.46 -3.75 0.37 0.62 -3.75
3 16 0.48 0.6 -3.75 0.42 0.62 -3.75 0.37 0.62 -3.75
3 16 -8.02 -8.08 -3.75 -8 -8.09 -3.75 -8.04 -8.07 -3.75
2 24 -8 -8.09 -3.75 -8.02 -8.08 -3.75
2 24 -8.02 -8.08 -3.75 -8.04 -8.07 -3.75
3 16 -8.08 -8.02 -3.75 -8.07 -8.04 -3.75 -8.05 -8.05 -3.75
2 24 -8.07 -8.04 -3.75 -8.08 -8.02 -3.75
2 24 -8.05 -8.05 -3.75 -8.07 -8.04 -3.75
3 16 -7.87 -8.13 -3.75 -8.08 -8.02 -3.75 -8.05 -8.05 -3.75
3 16 -8 -8.09 -3.75 -7.87 -8.13 -3.75 -8.05 -8.05 -3.75
3 16 -8.04 -8.07 -3.75 -8 -8.09 -3.75 -8.05 -8.05 -3.75
2 24 -8.04 -8.07 -3.75 -8.05 -8.05 -3.75
3 16 0.48 -8.1 -3.75 0.52 -8.08 -3.75 0.46 -8.11 -3.75
2 24 0.48 -8.1 -3.75 0.46 -8.11 -3.75
3 16 -8.09 0.49 -3.75 -8.1 0.48 -3.75 -8.11 0.46 -3.75
2 24 -8.1 0.48 -3.75 -8.09 0.49 -3.75
2 24 -8.11 0.46 -3.75 -8.1 0.48 -3.75
3 16 -8.04 0.56 -3.75 -8.06 0.54 -3.75 -8.11 0.46 -3.75
2 24 -8.06 0.54 -3.75 -8.04 0.56 -3.75
3 16 -8.01 0.58 -3.75 -8.04 0.56 -3.75 -8.11 0.46 -3.75
3 16 -8.06 0.54 -3.75 -8.09 0.49 -3.75 -8.11 0.46 -3.75
3 16 -7.9 0.62 -3.75 -7.92 0.62 -3.75 -7.94 0.62 -3.75
2 24 -7.92 0.62 -3.75 -7.9 0.62 -3.75
2 24 -7.94 0.62 -3.75 -7.92 0.62 -3.75
3 16 -7.87 0.62 -3.75 -7.9 0.62 -3.75 -7.94 0.62 -3.75
2 24 -7.9 0.62 -3.75 -7.87 0.62 -3.75
3 16 0.52 -8.08 -3.75 0.57 -8.04 -3.75 0.42 -8.12 -3.75
3 16 0.46 -8.11 -3.75 0.52 -8.08 -3.75 0.42 -8.12 -3.75
3 16 0.44 -8.12 -3.75 0.46 -8.11 -3.75 0.42 -8.12 -3.75
2 24 0.46 -8.11 -3.75 0.44 -8.12 -3.75
2 24 0.44 -8.12 -3.75 0.42 -8.12 -3.75
3 16 -7.87 0.62 -3.75 -7.94 0.62 -3.75 -7.96 0.61 -3.75
2 24 -7.96 0.61 -3.75 -7.94 0.62 -3.75
3 16 0.62 -7.92 -3.75 0.62 -7.9 -3.75 0.6 -7.98 -3.75
2 24 0.62 -7.9 -3.75 0.62 -7.92 -3.75
3 16 0.62 -7.94 -3.75 0.62 -7.92 -3.75 0.6 -7.98 -3.75
2 24 0.62 -7.92 -3.75 0.62 -7.94 -3.75
3 16 0.61 -7.96 -3.75 0.62 -7.94 -3.75 0.6 -7.98 -3.75
2 24 0.62 -7.94 -3.75 0.61 -7.96 -3.75
2 24 0.61 -7.96 -3.75 0.6 -7.98 -3.75

4 16 -3.75 0.62 -5.25 -7.87 0.62 -3.75 0.37 0.62 -3.75 0.37 0.62 -5.25
5 24 0.37 0.62 -3.75 0.37 0.62 -5.25 -3.75 0.62 -5.25 0.4 0.62 -3.75
3 16 -3.75 0.62 -5.25 -7.87 0.62 -5.25 -7.87 0.62 -3.75
5 24 -7.87 0.62 -3.75 -7.87 0.62 -5.25 -7.9 0.62 -5.25 -3.75 0.62 -5.25

3 16 -7.87 -8.13 -5.25 -3.75 -8.13 -3.75 -7.87 -8.13 -3.75
5 24 -7.87 -8.13 -3.75 -7.87 -8.13 -5.25 -3.75 -8.13 -3.75 -7.9 -8.12 -3.75
4 16 -7.87 -8.13 -5.25 0.37 -8.13 -5.25 0.37 -8.13 -3.75 -3.75 -8.13 -3.75
5 24 0.37 -8.13 -3.75 0.37 -8.13 -5.25 0.4 -8.12 -5.25 -3.75 -8.13 -3.75

4 16 -7.9 -8.12 -5.25 -7.87 -8.13 -5.25 -7.87 -8.13 -3.75 -7.9 -8.12 -3.75
5 24 -7.9 -8.12 -3.75 -7.9 -8.12 -5.25 -7.87 -8.13 -5.25 -7.92 -8.12 -3.75
4 16 -7.92 -8.12 -5.25 -7.9 -8.12 -5.25 -7.9 -8.12 -3.75 -7.92 -8.12 -3.75
5 24 -7.92 -8.12 -3.75 -7.92 -8.12 -5.25 -7.9 -8.12 -5.25 -7.94 -8.12 -3.75
4 16 -7.94 -8.12 -5.25 -7.92 -8.12 -5.25 -7.92 -8.12 -3.75 -7.94 -8.12 -3.75
5 24 -7.94 -8.12 -3.75 -7.94 -8.12 -5.25 -7.92 -8.12 -5.25 -7.96 -8.11 -3.75
4 16 -7.96 -8.11 -5.25 -7.94 -8.12 -5.25 -7.94 -8.12 -3.75 -7.96 -8.11 -3.75
5 24 -7.96 -8.11 -3.75 -7.96 -8.11 -5.25 -7.94 -8.12 -5.25 -7.98 -8.1 -3.75
4 16 -7.98 -8.1 -5.25 -7.96 -8.11 -5.25 -7.96 -8.11 -3.75 -7.98 -8.1 -3.75
5 24 -7.98 -8.1 -3.75 -7.98 -8.1 -5.25 -7.96 -8.11 -5.25 -8 -8.09 -3.75
4 16 -8 -8.09 -5.25 -7.98 -8.1 -5.25 -7.98 -8.1 -3.75 -8 -8.09 -3.75
5 24 -8 -8.09 -3.75 -8 -8.09 -5.25 -7.98 -8.1 -5.25 -8.02 -8.08 -3.75
4 16 -8.02 -8.08 -5.25 -8 -8.09 -5.25 -8 -8.09 -3.75 -8.02 -8.08 -3.75
5 24 -8.02 -8.08 -3.75 -8.02 -8.08 -5.25 -8 -8.09 -5.25 -8.04 -8.07 -3.75
4 16 -8.04 -8.07 -5.25 -8.02 -8.08 -5.25 -8.02 -8.08 -3.75 -8.04 -8.07 -3.75
5 24 -8.04 -8.07 -3.75 -8.04 -8.07 -5.25 -8.02 -8.08 -5.25 -8.05 -8.05 -3.75
4 16 -8.05 -8.05 -5.25 -8.04 -8.07 -5.25 -8.04 -8.07 -3.75 -8.05 -8.05 -3.75
5 24 -8.05 -8.05 -3.75 -8.05 -8.05 -5.25 -8.04 -8.07 -5.25 -8.07 -8.04 -3.75
4 16 -8.07 -8.04 -5.25 -8.05 -8.05 -5.25 -8.05 -8.05 -3.75 -8.07 -8.04 -3.75
5 24 -8.07 -8.04 -3.75 -8.07 -8.04 -5.25 -8.05 -8.05 -5.25 -8.08 -8.02 -3.75
4 16 -8.08 -8.02 -5.25 -8.07 -8.04 -5.25 -8.07 -8.04 -3.75 -8.08 -8.02 -3.75
5 24 -8.08 -8.02 -3.75 -8.08 -8.02 -5.25 -8.07 -8.04 -5.25 -8.09 -8 -3.75
4 16 -8.09 -8 -5.25 -8.08 -8.02 -5.25 -8.08 -8.02 -3.75 -8.09 -8 -3.75
5 24 -8.09 -8 -3.75 -8.09 -8 -5.25 -8.08 -8.02 -5.25 -8.1 -7.98 -3.75
4 16 -8.1 -7.98 -5.25 -8.09 -8 -5.25 -8.09 -8 -3.75 -8.1 -7.98 -3.75
5 24 -8.1 -7.98 -3.75 -8.1 -7.98 -5.25 -8.09 -8 -5.25 -8.11 -7.96 -3.75
4 16 -8.11 -7.96 -5.25 -8.1 -7.98 -5.25 -8.1 -7.98 -3.75 -8.11 -7.96 -3.75
5 24 -8.11 -7.96 -3.75 -8.11 -7.96 -5.25 -8.1 -7.98 -5.25 -8.12 -7.94 -3.75
4 16 -8.12 -7.94 -5.25 -8.11 -7.96 -5.25 -8.11 -7.96 -3.75 -8.12 -7.94 -3.75
5 24 -8.12 -7.94 -3.75 -8.12 -7.94 -5.25 -8.11 -7.96 -5.25 -8.12 -7.92 -3.75
4 16 -8.12 -7.92 -5.25 -8.12 -7.94 -5.25 -8.12 -7.94 -3.75 -8.12 -7.92 -3.75
5 24 -8.12 -7.92 -3.75 -8.12 -7.92 -5.25 -8.12 -7.94 -5.25 -8.12 -7.9 -3.75
4 16 -8.12 -7.9 -5.25 -8.12 -7.92 -5.25 -8.12 -7.92 -3.75 -8.12 -7.9 -3.75
5 24 -8.12 -7.9 -3.75 -8.12 -7.9 -5.25 -8.12 -7.92 -5.25 -8.13 -7.87 -3.75
4 16 -8.13 -7.87 -5.25 -8.12 -7.9 -5.25 -8.12 -7.9 -3.75 -8.13 -7.87 -3.75
5 24 -8.13 -7.87 -3.75 -8.13 -7.87 -5.25 -8.12 -7.9 -5.25 -8.13 0.37 -3.75
4 16 -8.13 0.37 -3.75 -8.13 0.37 -5.25 -8.13 -7.87 -5.25 -8.13 -7.87 -3.75
5 24 -8.13 0.37 -3.75 -8.13 0.37 -5.25 -8.13 -7.87 -5.25 -8.12 0.4 -3.75
4 16 -7.9 0.62 -5.25 -7.92 0.62 -5.25 -7.92 0.62 -3.75 -7.9 0.62 -3.75
5 24 -7.92 0.62 -5.25 -7.92 0.62 -3.75 -7.9 0.62 -3.75 -7.94 0.62 -5.25
5 24 -7.9 0.62 -3.75 -7.9 0.62 -5.25 -7.92 0.62 -5.25 -7.87 0.62 -3.75
4 16 -7.87 0.62 -5.25 -7.9 0.62 -5.25 -7.9 0.62 -3.75 -7.87 0.62 -3.75
4 16 -8.12 0.4 -5.25 -8.13 0.37 -5.25 -8.13 0.37 -3.75 -8.12 0.4 -3.75
5 24 -8.12 0.4 -3.75 -8.12 0.4 -5.25 -8.13 0.37 -5.25 -8.12 0.42 -3.75
4 16 -8.12 0.42 -5.25 -8.12 0.4 -5.25 -8.12 0.4 -3.75 -8.12 0.42 -3.75
5 24 -8.12 0.42 -3.75 -8.12 0.42 -5.25 -8.12 0.4 -5.25 -8.12 0.44 -3.75
4 16 -8.12 0.44 -5.25 -8.12 0.42 -5.25 -8.12 0.42 -3.75 -8.12 0.44 -3.75
5 24 -8.12 0.44 -3.75 -8.12 0.44 -5.25 -8.12 0.42 -5.25 -8.11 0.46 -3.75
4 16 -8.11 0.46 -5.25 -8.12 0.44 -5.25 -8.12 0.44 -3.75 -8.11 0.46 -3.75
5 24 -8.11 0.46 -3.75 -8.11 0.46 -5.25 -8.12 0.44 -5.25 -8.1 0.48 -3.75
4 16 -8.1 0.48 -5.25 -8.11 0.46 -5.25 -8.11 0.46 -3.75 -8.1 0.48 -3.75
5 24 -8.1 0.48 -3.75 -8.1 0.48 -5.25 -8.11 0.46 -5.25 -8.09 0.49 -3.75
4 16 -8.09 0.49 -5.25 -8.1 0.48 -5.25 -8.1 0.48 -3.75 -8.09 0.49 -3.75
5 24 -8.09 0.49 -3.75 -8.09 0.49 -5.25 -8.1 0.48 -5.25 -8.08 0.51 -3.75
4 16 -8.08 0.51 -5.25 -8.09 0.49 -5.25 -8.09 0.49 -3.75 -8.08 0.51 -3.75
5 24 -8.08 0.51 -3.75 -8.08 0.51 -5.25 -8.09 0.49 -5.25 -8.07 0.53 -3.75
4 16 -8.07 0.53 -5.25 -8.08 0.51 -5.25 -8.08 0.51 -3.75 -8.07 0.53 -3.75
5 24 -8.07 0.53 -3.75 -8.07 0.53 -5.25 -8.08 0.51 -5.25 -8.06 0.54 -3.75
4 16 -8.06 0.54 -5.25 -8.07 0.53 -5.25 -8.07 0.53 -3.75 -8.06 0.54 -3.75
5 24 -8.06 0.54 -3.75 -8.06 0.54 -5.25 -8.07 0.53 -5.25 -8.04 0.56 -3.75
4 16 -8.04 0.56 -5.25 -8.06 0.54 -5.25 -8.06 0.54 -3.75 -8.04 0.56 -3.75
5 24 -8.04 0.56 -3.75 -8.04 0.56 -5.25 -8.06 0.54 -5.25 -8.03 0.57 -3.75
4 16 -8.03 0.57 -5.25 -8.04 0.56 -5.25 -8.04 0.56 -3.75 -8.03 0.57 -3.75
5 24 -8.03 0.57 -3.75 -8.03 0.57 -5.25 -8.04 0.56 -5.25 -8.01 0.58 -3.75
4 16 -8.01 0.58 -5.25 -8.03 0.57 -5.25 -8.03 0.57 -3.75 -8.01 0.58 -3.75
5 24 -8.01 0.58 -3.75 -8.01 0.58 -5.25 -8.03 0.57 -5.25 -7.99 0.59 -3.75
4 16 -7.99 0.59 -5.25 -8.01 0.58 -5.25 -8.01 0.58 -3.75 -7.99 0.59 -3.75
5 24 -7.99 0.59 -3.75 -7.99 0.59 -5.25 -8.01 0.58 -5.25 -7.98 0.6 -3.75
4 16 -7.98 0.6 -5.25 -7.99 0.59 -5.25 -7.99 0.59 -3.75 -7.98 0.6 -3.75
5 24 -7.98 0.6 -3.75 -7.98 0.6 -5.25 -7.99 0.59 -5.25 -7.96 0.61 -3.75
4 16 -7.96 0.61 -5.25 -7.98 0.6 -5.25 -7.98 0.6 -3.75 -7.96 0.61 -3.75
5 24 -7.96 0.61 -3.75 -7.96 0.61 -5.25 -7.98 0.6 -5.25 -7.94 0.62 -3.75
4 16 -7.94 0.62 -5.25 -7.96 0.61 -5.25 -7.96 0.61 -3.75 -7.94 0.62 -3.75
5 24 -7.94 0.62 -3.75 -7.94 0.62 -5.25 -7.96 0.61 -5.25 -7.92 0.62 -3.75
4 16 -7.92 0.62 -5.25 -7.94 0.62 -5.25 -7.94 0.62 -3.75 -7.92 0.62 -3.75
4 16 0.62 0.4 -5.25 0.62 0.42 -5.25 0.62 0.42 -3.75 0.62 0.4 -3.75
5 24 0.62 0.42 -5.25 0.62 0.42 -3.75 0.62 0.4 -3.75 0.62 0.44 -5.25
5 24 0.62 0.4 -3.75 0.62 0.4 -5.25 0.62 0.42 -5.25 0.62 0.37 -3.75
4 16 0.62 0.37 -5.25 0.62 0.4 -5.25 0.62 0.4 -3.75 0.62 0.37 -3.75
5 24 0.62 0.37 -3.75 0.62 0.37 -5.25 0.62 0.4 -5.25 0.62 -7.87 -3.75
4 16 0.4 0.62 -5.25 0.37 0.62 -5.25 0.37 0.62 -3.75 0.4 0.62 -3.75
5 24 0.4 0.62 -3.75 0.4 0.62 -5.25 0.37 0.62 -5.25 0.42 0.62 -3.75
4 16 0.42 0.62 -5.25 0.4 0.62 -5.25 0.4 0.62 -3.75 0.42 0.62 -3.75
5 24 0.42 0.62 -3.75 0.42 0.62 -5.25 0.4 0.62 -5.25 0.44 0.62 -3.75
4 16 0.44 0.62 -5.25 0.42 0.62 -5.25 0.42 0.62 -3.75 0.44 0.62 -3.75
5 24 0.44 0.62 -3.75 0.44 0.62 -5.25 0.42 0.62 -5.25 0.46 0.61 -3.75
4 16 0.46 0.61 -5.25 0.44 0.62 -5.25 0.44 0.62 -3.75 0.46 0.61 -3.75
5 24 0.46 0.61 -3.75 0.46 0.61 -5.25 0.44 0.62 -5.25 0.48 0.6 -3.75
4 16 0.48 0.6 -5.25 0.46 0.61 -5.25 0.46 0.61 -3.75 0.48 0.6 -3.75
5 24 0.48 0.6 -3.75 0.48 0.6 -5.25 0.46 0.61 -5.25 0.49 0.59 -3.75
4 16 0.49 0.59 -5.25 0.48 0.6 -5.25 0.48 0.6 -3.75 0.49 0.59 -3.75
5 24 0.49 0.59 -3.75 0.49 0.59 -5.25 0.48 0.6 -5.25 0.51 0.58 -3.75
4 16 0.51 0.58 -5.25 0.49 0.59 -5.25 0.49 0.59 -3.75 0.51 0.58 -3.75
5 24 0.51 0.58 -3.75 0.51 0.58 -5.25 0.49 0.59 -5.25 0.53 0.57 -3.75
4 16 0.53 0.57 -5.25 0.51 0.58 -5.25 0.51 0.58 -3.75 0.53 0.57 -3.75
5 24 0.53 0.57 -3.75 0.53 0.57 -5.25 0.51 0.58 -5.25 0.54 0.56 -3.75
4 16 0.54 0.56 -5.25 0.53 0.57 -5.25 0.53 0.57 -3.75 0.54 0.56 -3.75
5 24 0.54 0.56 -3.75 0.54 0.56 -5.25 0.53 0.57 -5.25 0.56 0.54 -3.75
4 16 0.56 0.54 -5.25 0.54 0.56 -5.25 0.54 0.56 -3.75 0.56 0.54 -3.75
5 24 0.56 0.54 -3.75 0.56 0.54 -5.25 0.54 0.56 -5.25 0.57 0.53 -3.75
4 16 0.57 0.53 -5.25 0.56 0.54 -5.25 0.56 0.54 -3.75 0.57 0.53 -3.75
5 24 0.57 0.53 -3.75 0.57 0.53 -5.25 0.56 0.54 -5.25 0.58 0.51 -3.75
4 16 0.58 0.51 -5.25 0.57 0.53 -5.25 0.57 0.53 -3.75 0.58 0.51 -3.75
5 24 0.58 0.51 -3.75 0.58 0.51 -5.25 0.57 0.53 -5.25 0.59 0.49 -3.75
4 16 0.59 0.49 -5.25 0.58 0.51 -5.25 0.58 0.51 -3.75 0.59 0.49 -3.75
5 24 0.59 0.49 -3.75 0.59 0.49 -5.25 0.58 0.51 -5.25 0.6 0.48 -3.75
4 16 0.6 0.48 -5.25 0.59 0.49 -5.25 0.59 0.49 -3.75 0.6 0.48 -3.75
5 24 0.6 0.48 -3.75 0.6 0.48 -5.25 0.59 0.49 -5.25 0.61 0.46 -3.75
4 16 0.61 0.46 -5.25 0.6 0.48 -5.25 0.6 0.48 -3.75 0.61 0.46 -3.75
5 24 0.61 0.46 -3.75 0.61 0.46 -5.25 0.6 0.48 -5.25 0.62 0.44 -3.75
4 16 0.62 0.44 -5.25 0.61 0.46 -5.25 0.61 0.46 -3.75 0.62 0.44 -3.75
5 24 0.62 0.44 -3.75 0.62 0.44 -5.25 0.61 0.46 -5.25 0.62 0.42 -3.75
4 16 0.62 0.42 -5.25 0.62 0.44 -5.25 0.62 0.44 -3.75 0.62 0.42 -3.75
4 16 0.62 -7.87 -3.75 0.62 -7.87 -5.25 0.62 0.37 -5.25 0.62 0.37 -3.75
5 24 0.62 -7.87 -3.75 0.62 -7.87 -5.25 0.62 0.37 -5.25 0.62 -7.9 -3.75
4 16 0.62 -7.9 -5.25 0.62 -7.87 -5.25 0.62 -7.87 -3.75 0.62 -7.9 -3.75
5 24 0.62 -7.9 -3.75 0.62 -7.9 -5.25 0.62 -7.87 -5.25 0.62 -7.92 -3.75
4 16 0.62 -7.92 -5.25 0.62 -7.9 -5.25 0.62 -7.9 -3.75 0.62 -7.92 -3.75
5 24 0.62 -7.92 -3.75 0.62 -7.92 -5.25 0.62 -7.9 -5.25 0.62 -7.94 -3.75
4 16 0.62 -7.94 -5.25 0.62 -7.92 -5.25 0.62 -7.92 -3.75 0.62 -7.94 -3.75
5 24 0.62 -7.94 -3.75 0.62 -7.94 -5.25 0.62 -7.92 -5.25 0.61 -7.96 -3.75
4 16 0.61 -7.96 -5.25 0.62 -7.94 -5.25 0.62 -7.94 -3.75 0.61 -7.96 -3.75
5 24 0.61 -7.96 -3.75 0.61 -7.96 -5.25 0.62 -7.94 -5.25 0.6 -7.98 -3.75
4 16 0.6 -7.98 -5.25 0.61 -7.96 -5.25 0.61 -7.96 -3.75 0.6 -7.98 -3.75
5 24 0.6 -7.98 -3.75 0.6 -7.98 -5.25 0.61 -7.96 -5.25 0.59 -8 -3.75
4 16 0.59 -8 -5.25 0.6 -7.98 -5.25 0.6 -7.98 -3.75 0.59 -8 -3.75
5 24 0.59 -8 -3.75 0.59 -8 -5.25 0.6 -7.98 -5.25 0.58 -8.02 -3.75
4 16 0.58 -8.02 -5.25 0.59 -8 -5.25 0.59 -8 -3.75 0.58 -8.02 -3.75
5 24 0.58 -8.02 -3.75 0.58 -8.02 -5.25 0.59 -8 -5.25 0.57 -8.04 -3.75
4 16 0.57 -8.04 -5.25 0.58 -8.02 -5.25 0.58 -8.02 -3.75 0.57 -8.04 -3.75
5 24 0.57 -8.04 -3.75 0.57 -8.04 -5.25 0.58 -8.02 -5.25 0.55 -8.05 -3.75
4 16 0.55 -8.05 -5.25 0.57 -8.04 -5.25 0.57 -8.04 -3.75 0.55 -8.05 -3.75
5 24 0.55 -8.05 -3.75 0.55 -8.05 -5.25 0.57 -8.04 -5.25 0.54 -8.07 -3.75
4 16 0.54 -8.07 -5.25 0.55 -8.05 -5.25 0.55 -8.05 -3.75 0.54 -8.07 -3.75
5 24 0.54 -8.07 -3.75 0.54 -8.07 -5.25 0.55 -8.05 -5.25 0.52 -8.08 -3.75
4 16 0.52 -8.08 -5.25 0.54 -8.07 -5.25 0.54 -8.07 -3.75 0.52 -8.08 -3.75
5 24 0.52 -8.08 -3.75 0.52 -8.08 -5.25 0.54 -8.07 -5.25 0.5 -8.09 -3.75
4 16 0.5 -8.09 -5.25 0.52 -8.08 -5.25 0.52 -8.08 -3.75 0.5 -8.09 -3.75
5 24 0.5 -8.09 -3.75 0.5 -8.09 -5.25 0.52 -8.08 -5.25 0.48 -8.1 -3.75
4 16 0.48 -8.1 -5.25 0.5 -8.09 -5.25 0.5 -8.09 -3.75 0.48 -8.1 -3.75
5 24 0.48 -8.1 -3.75 0.48 -8.1 -5.25 0.5 -8.09 -5.25 0.46 -8.11 -3.75
4 16 0.46 -8.11 -5.25 0.48 -8.1 -5.25 0.48 -8.1 -3.75 0.46 -8.11 -3.75
5 24 0.46 -8.11 -3.75 0.46 -8.11 -5.25 0.48 -8.1 -5.25 0.44 -8.12 -3.75
4 16 0.44 -8.12 -5.25 0.46 -8.11 -5.25 0.46 -8.11 -3.75 0.44 -8.12 -3.75
5 24 0.44 -8.12 -3.75 0.44 -8.12 -5.25 0.46 -8.11 -5.25 0.42 -8.12 -3.75
4 16 0.42 -8.12 -5.25 0.44 -8.12 -5.25 0.44 -8.12 -3.75 0.42 -8.12 -3.75
5 24 0.42 -8.12 -3.75 0.42 -8.12 -5.25 0.44 -8.12 -5.25 0.4 -8.12 -3.75
4 16 0.4 -8.12 -5.25 0.42 -8.12 -5.25 0.42 -8.12 -3.75 0.4 -8.12 -3.75
5 24 0.4 -8.12 -3.75 0.4 -8.12 -5.25 0.42 -8.12 -5.25 0.37 -8.13 -3.75
4 16 0.37 -8.13 -5.25 0.4 -8.12 -5.25 0.4 -8.12 -3.75 0.37 -8.13 -3.75
2 24 0.37 -8.13 -5.25 0.37 -8.13 -5.25
2 24 0.37 0.62 -3.75 0.37 0.62 -3.75
